[31, 47, 55, 59, 93, 94, 109, 110, 181, 182, 185, 213, 214, 217, 218, 229, 230, 233, 314, 362, 410, 434, 440, 458, 482, 488]
[31, 47, 55, 59, 93, 94, 109, 110, 117, 182, 214, 217, 218, 230, 241, 244, 313, 314, 361, 362, 409, 410, 433, 434, 457, 458, 481, 482]
[31, 47, 55, 59, 61, 94, 110, 182, 186, 214, 218, 230, 316, 348, 362, 364, 426, 436, 440, 458, 468, 472, 482, 484]
[31, 47, 55, 59, 93, 94, 109, 110, 117, 121, 182, 186, 214, 218, 230, 244, 362, 376, 426, 440, 458, 472, 482, 496]
[31, 47, 55, 59, 93, 94, 109, 117, 174, 182, 206, 214, 233, 236, 244, 313, 314, 345, 346, 369, 425, 426, 434, 457, 458, 466, 481, 496]
[31, 47, 55, 59, 93, 94, 109, 110, 181, 182, 185, 213, 214, 217, 230, 314, 346, 357, 361, 362, 421, 425, 434, 440, 453, 457, 466, 472, 482, 484]
[31, 47, 55, 59, 93, 94, 109, 117, 174, 182, 185, 186, 206, 214, 233, 236, 345, 346, 369, 372, 409, 410, 433, 436, 457, 458, 466, 468, 481, 484]
[31, 47, 55, 59, 93, 94, 109, 117, 174, 182, 186, 206, 236, 313, 342, 345, 346, 361, 369, 372, 406, 410, 436, 440, 454, 458, 484, 488]
[31, 47, 55, 59, 93, 94, 109, 110, 117, 182, 186, 214, 218, 313, 345, 358, 361, 362, 369, 372, 422, 426, 436, 440, 454, 458, 468, 472]
[31, 47, 55, 59, 93, 94, 109, 110, 117, 182, 185, 186, 214, 217, 218, 233, 234, 358, 369, 372, 422, 433, 436, 454, 465, 468, 481, 482]
[31, 47, 55, 59, 93, 94, 109, 174, 182, 206, 214, 234, 236, 309, 313, 314, 341, 345, 346, 357, 361, 362, 434, 436, 466, 468, 482, 484]
[31, 47, 55, 59, 93, 94, 109, 110, 181, 182, 185, 213, 214, 217, 229, 230, 314, 346, 361, 362, 425, 434, 440, 457, 466, 472, 481, 482]
[31, 47, 55, 59, 93, 94, 109, 110, 117, 182, 214, 217, 230, 241, 244, 313, 314, 346, 361, 362, 409, 433, 434, 457, 466, 472, 481, 482]
[31, 47, 55, 59, 93, 94, 109, 110, 117, 182, 185, 214, 217, 230, 241, 244, 314, 346, 361, 362, 425, 434, 440, 457, 466, 472, 481, 482]
[31, 47, 55, 59, 93, 94, 109, 118, 174, 185, 186, 206, 230, 233, 236, 309, 341, 345, 346, 357, 370, 372, 409, 410, 433, 434, 457, 458, 481, 482]
[31, 47, 55, 59, 93, 94, 109, 110, 117, 121, 182, 186, 214, 244, 346, 358, 362, 376, 410, 422, 426, 440, 454, 466, 484, 496]
[31, 47, 55, 59, 93, 94, 109, 110, 117, 118, 185, 217, 218, 233, 314, 362, 369, 370, 410, 433, 440, 458, 465, 466, 481, 488]
[31, 47, 55, 59, 93, 94, 109, 110, 181, 182, 185, 213, 214, 217, 218, 229, 230, 314, 361, 362, 410, 425, 434, 440, 457, 458, 481, 482]
[31, 47, 55, 59, 93, 94, 109, 110, 117, 182, 185, 186, 214, 217, 218, 230, 361, 362, 369, 372, 425, 426, 433, 436, 457, 458, 465, 468, 482, 484]
[31, 47, 55, 59, 93, 94, 109, 110, 117, 118, 185, 186, 217, 218, 233, 362, 369, 370, 426, 433, 434, 458, 465, 466, 481, 488]
[31, 47, 55, 59, 93, 94, 109, 110, 117, 182, 186, 214, 218, 230, 244, 313, 345, 361, 362, 369, 426, 440, 458, 472, 482, 496]
[31, 47, 55, 59, 93, 94, 109, 110, 117, 182, 185, 186, 214, 217, 218, 230, 244, 361, 362, 369, 425, 426, 433, 457, 458, 465, 482, 496]
[31, 47, 55, 59, 93, 94, 109, 117, 174, 182, 186, 206, 214, 218, 236, 313, 345, 361, 369, 372, 436, 440, 468, 472, 484, 488]
[31, 47, 55, 59, 93, 94, 109, 117, 174, 182, 186, 236, 313, 334, 342, 345, 346, 361, 369, 372, 398, 406, 410, 436, 440, 460, 484, 488]
[31, 47, 55, 59, 93, 94, 109, 110, 181, 185, 213, 214, 217, 218, 229, 310, 314, 358, 361, 362, 406, 410, 425, 436, 440, 454, 457, 458, 481, 484]
[31, 47, 55, 59, 93, 94, 109, 117, 174, 182, 206, 214, 217, 218, 233, 236, 313, 314, 369, 372, 409, 410, 425, 426, 434, 436, 465, 468, 481, 484]
[31, 47, 55, 59, 93, 94, 109, 118, 174, 185, 206, 217, 230, 233, 236, 309, 314, 341, 346, 357, 370, 372, 426, 433, 440, 458, 465, 472, 481, 482]
[31, 47, 55, 59, 93, 94, 109, 117, 174, 185, 186, 206, 217, 218, 310, 342, 361, 364, 369, 372, 422, 425, 428, 433, 434, 454, 457, 460, 465, 466]
[31, 47, 55, 59, 93, 94, 109, 110, 181, 185, 213, 214, 217, 218, 229, 230, 233, 310, 314, 362, 406, 410, 422, 436, 440, 458, 482, 488]
[31, 47, 55, 59, 93, 94, 109, 110, 117, 121, 182, 186, 214, 218, 230, 362, 372, 376, 426, 436, 440, 458, 468, 472, 482, 484]
[31, 47, 55, 59, 93, 94, 109, 174, 182, 206, 214, 236, 309, 313, 314, 341, 345, 346, 357, 361, 426, 434, 436, 458, 466, 468, 484, 488]
[31, 47, 55, 59, 93, 94, 109, 117, 174, 182, 186, 206, 217, 218, 313, 342, 361, 364, 369, 372, 406, 409, 428, 436, 440, 454, 457, 460, 465, 466]
[31, 47, 55, 59, 93, 94, 109, 117, 174, 185, 186, 206, 218, 310, 342, 345, 361, 364, 369, 372, 409, 422, 425, 428, 433, 434, 454, 460, 466, 472]
[31, 47, 55, 59, 93, 94, 109, 110, 181, 182, 185, 213, 214, 217, 233, 314, 346, 357, 358, 362, 421, 422, 434, 440, 453, 454, 466, 472, 481, 488]
[31, 47, 55, 59, 93, 94, 109, 110, 117, 182, 214, 217, 218, 230, 244, 313, 314, 361, 362, 369, 409, 410, 434, 457, 458, 465, 482, 496]
[31, 47, 55, 59, 93, 94, 109, 117, 174, 185, 206, 233, 236, 241, 244, 310, 314, 342, 345, 346, 409, 422, 426, 436, 440, 454, 457, 458, 465, 468]
[31, 47, 55, 59, 93, 94, 109, 117, 174, 182, 185, 186, 206, 217, 218, 342, 361, 364, 369, 372, 406, 425, 428, 433, 436, 454, 457, 460, 465, 466]
[31, 47, 55, 59, 93, 94, 109, 110, 117, 182, 185, 186, 214, 218, 345, 358, 361, 362, 369, 372, 409, 422, 425, 426, 433, 436, 454, 458, 468, 472]
[31, 47, 55, 59, 93, 94, 109, 110, 117, 182, 185, 186, 214, 218, 233, 234, 345, 358, 369, 372, 409, 422, 433, 436, 454, 457, 468, 472, 481, 482]
[31, 47, 55, 59, 93, 94, 109, 110, 181, 185, 213, 214, 217, 233, 310, 314, 346, 357, 358, 362, 406, 421, 436, 440, 453, 454, 466, 472, 481, 488]
[31, 47, 55, 59, 93, 94, 109, 110, 117, 182, 186, 214, 241, 244, 313, 345, 346, 358, 361, 362, 410, 422, 426, 433, 440, 454, 465, 466, 481, 484]
[31, 47, 55, 59, 93, 94, 109, 110, 117, 182, 185, 186, 214, 233, 241, 244, 345, 346, 358, 362, 409, 410, 422, 426, 454, 457, 465, 466, 484, 488]
[31, 47, 55, 59, 93, 94, 109, 110, 117, 182, 186, 218, 313, 342, 345, 358, 361, 362, 369, 372, 406, 422, 426, 436, 440, 458, 466, 472]
[31, 47, 55, 59, 93, 94, 109, 117, 174, 182, 206, 214, 233, 236, 242, 244, 313, 314, 345, 346, 369, 370, 425, 426, 457, 458, 481, 482]
[31, 47, 55, 59, 93, 94, 109, 110, 117, 182, 186, 214, 218, 244, 313, 345, 358, 361, 362, 369, 422, 426, 440, 454, 458, 472, 484, 496]
[31, 47, 55, 59, 93, 94, 109, 110, 117, 182, 186, 214, 217, 218, 230, 313, 361, 362, 369, 372, 409, 426, 436, 440, 457, 458, 465, 468, 482, 484]
[31, 47, 55, 59, 93, 94, 109, 117, 174, 185, 186, 206, 233, 236, 310, 342, 345, 346, 369, 372, 409, 410, 422, 433, 434, 454, 457, 458, 481, 484]
[31, 47, 55, 59, 93, 94, 109, 117, 174, 185, 186, 206, 214, 217, 218, 310, 361, 364, 369, 372, 406, 422, 425, 428, 433, 434, 457, 460, 465, 468]
[31, 47, 55, 59, 93, 94, 109, 110, 117, 182, 185, 186, 217, 218, 241, 342, 358, 361, 362, 372, 406, 422, 425, 426, 436, 457, 458, 466, 481, 496]
[31, 47, 55, 59, 93, 94, 109, 110, 117, 182, 186, 214, 217, 218, 313, 358, 361, 362, 369, 372, 409, 422, 426, 436, 440, 454, 457, 458, 465, 468]
[31, 47, 55, 59, 93, 94, 109, 110, 117, 182, 185, 186, 214, 217, 218, 230, 234, 361, 369, 372, 425, 433, 436, 457, 465, 468, 484, 488]
[31, 47, 55, 59, 93, 94, 109, 110, 181, 185, 213, 214, 217, 218, 229, 230, 310, 314, 361, 362, 406, 410, 422, 425, 436, 440, 457, 458, 481, 482]
[31, 47, 55, 59, 93, 94, 109, 110, 117, 182, 185, 186, 217, 241, 342, 346, 358, 361, 362, 372, 406, 410, 422, 425, 426, 436, 457, 472, 481, 496]
[31, 47, 55, 59, 93, 94, 109, 110, 117, 182, 185, 186, 214, 217, 218, 358, 361, 362, 369, 372, 422, 425, 426, 433, 436, 454, 457, 458, 465, 468]
[31, 47, 55, 59, 93, 94, 109, 110, 181, 182, 185, 214, 314, 341, 345, 346, 357, 358, 361, 362, 405, 409, 421, 422, 425, 434, 440, 454, 466, 468]
[31, 47, 55, 59, 93, 94, 109, 110, 117, 182, 186, 214, 217, 218, 233, 234, 313, 358, 369, 372, 409, 422, 425, 436, 440, 454, 465, 468, 481, 482]
[31, 47, 55, 59, 93, 94, 109, 117, 174, 185, 186, 217, 218, 310, 334, 342, 361, 364, 369, 372, 398, 422, 425, 428, 433, 434, 457, 458, 465, 466]
[31, 47, 55, 59, 93, 94, 109, 117, 174, 185, 186, 206, 233, 236, 241, 244, 310, 342, 345, 346, 409, 410, 422, 434, 436, 454, 457, 458, 465, 468]
[31, 47, 55, 59, 93, 94, 109, 110, 117, 182, 185, 186, 214, 241, 244, 345, 346, 358, 361, 362, 409, 410, 422, 425, 426, 454, 465, 466, 481, 484]
[31, 47, 55, 59, 93, 94, 109, 110, 181, 182, 185, 213, 214, 314, 345, 346, 357, 358, 361, 362, 409, 421, 422, 425, 434, 440, 453, 454, 465, 466]
[31, 47, 55, 91, 93, 107, 109, 115, 158, 174, 181, 182, 213, 218, 220, 357, 362, 364, 369, 370, 421, 426, 428, 433, 434, 453, 458, 460, 465, 466]
[31, 47, 55, 59, 93, 94, 109, 110, 181, 182, 185, 213, 214, 217, 314, 346, 357, 358, 361, 362, 421, 422, 425, 434, 440, 453, 454, 457, 466, 472]
[31, 47, 55, 59, 93, 94, 109, 117, 174, 185, 186, 217, 218, 241, 310, 334, 342, 361, 364, 372, 398, 422, 425, 428, 434, 457, 458, 466, 481, 496]
[31, 47, 55, 59, 93, 94, 109, 110, 117, 182, 185, 186, 217, 218, 241, 244, 342, 358, 361, 362, 406, 422, 425, 426, 457, 458, 466, 468, 481, 484]
[31, 47, 55, 59, 93, 94, 109, 174, 181, 206, 213, 229, 236, 310, 313, 314, 342, 345, 346, 361, 422, 426, 433, 436, 454, 458, 465, 468, 481, 488]
[31, 47, 55, 59, 93, 94, 109, 110, 117, 182, 185, 186, 214, 217, 218, 230, 241, 244, 361, 362, 425, 426, 457, 458, 481, 482]
[31, 47, 55, 59, 93, 94, 109, 117, 174, 185, 186, 206, 217, 218, 233, 236, 310, 342, 369, 372, 422, 433, 434, 454, 465, 466, 481, 484]
[31, 47, 55, 59, 93, 94, 109, 110, 117, 182, 185, 186, 214, 217, 218, 233, 241, 244, 358, 362, 422, 426, 454, 458, 484, 488]
[31, 47, 55, 59, 93, 94, 109, 117, 121, 174, 182, 186, 206, 214, 236, 346, 372, 376, 410, 436, 440, 458, 466, 468, 484, 488]
[31, 47, 55, 59, 93, 94, 109, 110, 117, 182, 185, 186, 214, 218, 230, 244, 345, 361, 362, 369, 409, 425, 426, 433, 458, 472, 482, 496]
[31, 47, 55, 91, 93, 107, 158, 174, 182, 218, 220, 234, 301, 307, 309, 333, 339, 341, 355, 361, 428, 434, 436, 460, 466, 468, 482, 488]
[31, 47, 55, 59, 93, 94, 109, 110, 117, 182, 186, 214, 217, 218, 230, 244, 313, 361, 362, 369, 409, 426, 440, 457, 458, 465, 482, 496]
[31, 47, 55, 59, 93, 94, 109, 117, 174, 182, 186, 206, 214, 236, 313, 345, 346, 361, 369, 372, 410, 436, 440, 458, 466, 468, 484, 488]
[31, 47, 55, 59, 93, 94, 109, 110, 117, 182, 185, 186, 214, 217, 218, 241, 244, 358, 361, 362, 422, 425, 426, 454, 457, 458, 481, 484]
[31, 47, 55, 59, 93, 94, 109, 118, 174, 185, 186, 206, 217, 218, 230, 233, 236, 309, 341, 357, 370, 372, 433, 434, 465, 466, 481, 482]
[31, 47, 55, 59, 93, 94, 109, 117, 174, 185, 186, 206, 217, 218, 233, 236, 241, 310, 342, 372, 422, 434, 454, 466, 484, 496]
[31, 47, 55, 59, 93, 94, 109, 174, 181, 182, 206, 213, 214, 229, 233, 236, 313, 314, 345, 346, 425, 426, 433, 434, 457, 458, 465, 466]
[31, 47, 55, 59, 93, 94, 109, 174, 181, 182, 206, 213, 214, 229, 236, 313, 314, 345, 346, 361, 426, 433, 434, 458, 465, 466, 481, 488]
[31, 47, 55, 59, 93, 94, 109, 110, 117, 182, 214, 218, 230, 244, 313, 314, 345, 361, 362, 369, 410, 434, 458, 472, 482, 496]
[31, 47, 55, 59, 93, 94, 109, 174, 182, 186, 206, 213, 214, 229, 233, 236, 309, 313, 345, 346, 405, 410, 421, 425, 436, 440, 457, 458, 465, 466]
[31, 47, 55, 59, 93, 94, 109, 110, 181, 182, 185, 213, 214, 230, 314, 345, 346, 357, 361, 362, 409, 421, 425, 434, 440, 453, 465, 466, 482, 484]
[31, 47, 55, 59, 93, 94, 109, 110, 117, 182, 214, 217, 218, 230, 233, 241, 244, 313, 314, 362, 409, 410, 425, 433, 434, 458, 482, 488]
[31, 47, 55, 59, 93, 94, 109, 117, 174, 182, 186, 206, 233, 236, 313, 342, 345, 346, 369, 372, 406, 410, 425, 436, 440, 454, 457, 458, 481, 484]
[31, 47, 55, 59, 93, 94, 109, 110, 117, 182, 186, 217, 218, 313, 342, 358, 361, 362, 369, 372, 406, 409, 422, 426, 436, 440, 457, 458, 465, 466]
[31, 47, 55, 59, 93, 94, 109, 110, 181, 182, 185, 213, 217, 314, 342, 346, 357, 358, 361, 362, 406, 421, 422, 425, 434, 440, 453, 457, 468, 472]
[31, 47, 55, 59, 93, 94, 109, 110, 117, 182, 185, 186, 217, 218, 233, 241, 342, 358, 362, 372, 406, 422, 426, 436, 458, 466, 488, 496]
[31, 47, 55, 59, 93, 94, 109, 174, 181, 182, 206, 229, 236, 313, 314, 341, 342, 345, 346, 361, 405, 406, 426, 433, 434, 453, 454, 458, 481, 488]
[31, 47, 55, 59, 93, 94, 109, 117, 174, 182, 185, 186, 206, 217, 218, 233, 236, 342, 369, 372, 406, 433, 436, 454, 465, 466, 481, 484]
[31, 47, 55, 59, 93, 94, 109, 110, 117, 182, 185, 186, 214, 217, 218, 234, 358, 361, 369, 372, 422, 425, 433, 436, 454, 457, 465, 468, 482, 488]
[31, 47, 55, 59, 93, 94, 109, 110, 117, 182, 185, 186, 214, 217, 230, 241, 244, 346, 361, 362, 410, 425, 426, 457, 466, 472, 481, 482]
[31, 47, 55, 59, 93, 94, 109, 110, 181, 182, 185, 213, 214, 217, 218, 230, 314, 357, 361, 362, 410, 421, 425, 434, 440, 453, 457, 458, 482, 484]
[31, 47, 55, 59, 93, 94, 109, 110, 117, 182, 185, 186, 214, 217, 218, 233, 358, 362, 369, 372, 422, 426, 433, 436, 454, 458, 465, 468, 481, 488]
[31, 47, 55, 59, 93, 94, 109, 117, 174, 182, 185, 186, 206, 217, 218, 241, 342, 361, 364, 372, 406, 425, 428, 436, 454, 457, 460, 466, 481, 496]
[31, 47, 55, 59, 93, 94, 109, 110, 181, 182, 185, 213, 214, 217, 218, 233, 314, 357, 358, 362, 410, 421, 422, 434, 440, 453, 454, 458, 481, 488]
[31, 47, 55, 59, 93, 94, 109, 110, 117, 182, 185, 214, 217, 218, 230, 241, 244, 314, 361, 362, 410, 425, 434, 440, 457, 458, 481, 482]
[31, 47, 55, 91, 93, 107, 109, 158, 174, 179, 182, 211, 218, 220, 309, 341, 355, 357, 362, 364, 419, 426, 428, 433, 436, 451, 458, 460, 465, 468]
[31, 47, 55, 59, 93, 94, 109, 110, 181, 182, 185, 213, 217, 233, 314, 342, 346, 357, 358, 362, 406, 421, 422, 434, 440, 453, 468, 472, 481, 488]
[31, 47, 55, 59, 93, 94, 109, 117, 174, 185, 186, 206, 217, 218, 230, 233, 236, 310, 342, 358, 369, 372, 433, 434, 465, 466, 481, 482]
[31, 47, 55, 59, 93, 94, 109, 117, 174, 182, 185, 186, 206, 233, 236, 342, 345, 346, 369, 372, 406, 409, 410, 433, 436, 454, 457, 458, 481, 484]
[31, 47, 55, 59, 93, 94, 109, 110, 117, 182, 185, 186, 217, 342, 346, 358, 361, 362, 369, 372, 406, 410, 422, 425, 426, 433, 436, 457, 465, 472]
[31, 47, 55, 59, 93, 94, 109, 110, 117, 182, 214, 217, 241, 244, 313, 314, 346, 358, 361, 362, 409, 422, 433, 434, 454, 457, 466, 472, 481, 484]
[31, 47, 55, 59, 93, 94, 109, 110, 181, 182, 185, 213, 214, 217, 229, 233, 314, 346, 358, 362, 422, 434, 440, 454, 466, 472, 484, 488]
[31, 47, 55, 59, 93, 94, 109, 110, 117, 182, 185, 186, 214, 217, 218, 233, 241, 358, 362, 372, 422, 426, 436, 454, 458, 468, 488, 496]
[31, 47, 55, 59, 93, 94, 109, 110, 181, 182, 185, 213, 214, 230, 242, 314, 345, 346, 357, 361, 362, 370, 409, 421, 425, 440, 453, 465, 484, 496]
[31, 47, 55, 59, 93, 94, 109, 117, 174, 185, 186, 233, 236, 310, 334, 342, 345, 346, 369, 372, 398, 409, 410, 422, 433, 434, 457, 460, 481, 484]
[31, 47, 55, 59, 93, 94, 109, 110, 117, 182, 185, 186, 214, 218, 230, 241, 244, 345, 361, 362, 409, 425, 426, 458, 465, 472, 481, 482]
[31, 47, 55, 59, 93, 94, 109, 110, 181, 182, 185, 186, 213, 214, 217, 233, 346, 357, 358, 362, 410, 421, 422, 426, 453, 454, 466, 472, 481, 488]
[31, 47, 55, 59, 93, 94, 109, 110, 181, 182, 213, 214, 217, 229, 230, 313, 314, 346, 361, 362, 409, 433, 434, 457, 466, 472, 481, 482]
[31, 47, 55, 59, 93, 94, 109, 110, 117, 182, 185, 186, 217, 218, 234, 342, 358, 361, 369, 372, 406, 422, 425, 433, 436, 457, 465, 466, 482, 488]
[31, 47, 55, 59, 93, 94, 109, 110, 117, 182, 185, 186, 214, 217, 218, 241, 358, 361, 362, 372, 422, 425, 426, 436, 454, 457, 458, 468, 481, 496]
[31, 47, 55, 59, 93, 94, 109, 110, 181, 182, 185, 213, 214, 217, 218, 314, 357, 358, 361, 362, 410, 421, 422, 425, 434, 440, 453, 454, 457, 458]
[31, 47, 55, 59, 93, 94, 109, 110, 181, 182, 185, 186, 213, 214, 217, 346, 357, 358, 361, 362, 410, 421, 422, 425, 426, 453, 454, 457, 466, 472]
[31, 47, 55, 59, 61, 94, 110, 182, 186, 214, 316, 346, 348, 358, 362, 364, 410, 422, 426, 436, 440, 454, 466, 468]
[31, 47, 55, 59, 93, 94, 109, 110, 117, 182, 185, 214, 217, 218, 230, 233, 241, 244, 314, 362, 410, 434, 440, 458, 482, 488]
[31, 47, 55, 59, 61, 94, 110, 118, 186, 218, 220, 234, 316, 364, 370, 372, 412, 434, 440, 460, 466, 468, 482, 488]
[31, 47, 55, 59, 93, 94, 109, 117, 121, 174, 182, 206, 214, 218, 236, 314, 372, 376, 410, 426, 434, 436, 468, 472, 484, 488]
[31, 47, 55, 59, 61, 94, 110, 118, 186, 188, 218, 220, 234, 364, 370, 372, 428, 434, 436, 460, 466, 468, 482, 488]
[31, 47, 55, 59, 61, 94, 110, 182, 186, 214, 218, 220, 230, 316, 362, 364, 412, 426, 436, 440, 458, 460, 482, 484]
[31, 47, 55, 59, 93, 94, 109, 117, 174, 185, 206, 217, 218, 233, 236, 241, 310, 314, 342, 372, 410, 422, 426, 440, 454, 466, 484, 496]
[31, 47, 55, 59, 93, 94, 109, 110, 117, 121, 182, 186, 214, 218, 244, 358, 362, 376, 422, 426, 440, 454, 458, 472, 484, 496]
[31, 47, 55, 59, 93, 94, 109, 117, 174, 182, 186, 206, 214, 233, 236, 313, 345, 346, 369, 372, 410, 425, 436, 440, 457, 458, 466, 468, 481, 484]
[31, 47, 55, 59, 93, 94, 109, 118, 174, 185, 186, 206, 230, 233, 236, 242, 309, 341, 345, 346, 357, 372, 409, 410, 433, 457, 458, 466, 481, 496]
[31, 47, 55, 59, 93, 94, 109, 110, 117, 182, 214, 217, 218, 313, 314, 358, 361, 362, 369, 372, 409, 410, 422, 434, 436, 454, 457, 458, 465, 468]
[31, 47, 55, 59, 93, 94, 109, 117, 174, 182, 206, 234, 236, 241, 244, 313, 314, 342, 345, 346, 361, 362, 406, 433, 434, 454, 465, 468, 481, 482]
[31, 47, 55, 59, 93, 94, 109, 110, 117, 182, 186, 214, 218, 230, 241, 244, 313, 345, 361, 362, 426, 433, 440, 458, 465, 472, 481, 482]
[31, 47, 55, 59, 93, 94, 109, 110, 117, 182, 185, 186, 214, 218, 241, 244, 345, 358, 361, 362, 409, 422, 425, 426, 454, 458, 465, 472, 481, 484]
[31, 47, 55, 59, 93, 94, 109, 117, 174, 185, 186, 217, 218, 241, 242, 310, 334, 342, 361, 364, 370, 372, 398, 422, 425, 428, 457, 458, 481, 482]
[31, 47, 55, 59, 93, 94, 109, 110, 181, 182, 213, 214, 217, 218, 229, 230, 233, 313, 314, 362, 409, 410, 425, 433, 434, 458, 482, 488]
[31, 47, 55, 59, 93, 94, 109, 174, 181, 182, 206, 229, 233, 236, 313, 314, 341, 342, 345, 346, 405, 406, 425, 426, 433, 434, 453, 454, 457, 458]
[31, 47, 55, 59, 93, 94, 109, 110, 181, 182, 185, 213, 214, 217, 218, 229, 233, 314, 358, 362, 410, 422, 434, 440, 454, 458, 484, 488]
[31, 47, 55, 59, 93, 94, 109, 174, 181, 182, 206, 213, 214, 218, 229, 236, 313, 314, 345, 361, 410, 426, 433, 434, 465, 472, 481, 488]
[31, 47, 55, 59, 93, 94, 109, 110, 181, 182, 185, 213, 214, 217, 233, 248, 314, 346, 357, 358, 362, 376, 421, 422, 434, 453, 454, 466, 481, 496]
[31, 47, 55, 59, 93, 94, 109, 110, 181, 182, 185, 213, 214, 229, 233, 314, 345, 346, 358, 362, 409, 422, 434, 440, 454, 457, 465, 466, 484, 488]
[31, 47, 55, 59, 93, 94, 109, 110, 181, 182, 213, 214, 217, 218, 229, 313, 314, 358, 361, 362, 409, 410, 422, 433, 434, 454, 457, 458, 481, 484]
[31, 47, 55, 59, 93, 94, 109, 110, 181, 182, 185, 186, 213, 214, 217, 218, 229, 358, 361, 362, 422, 425, 426, 454, 457, 458, 481, 484]
[31, 47, 55, 59, 93, 94, 109, 110, 117, 182, 185, 214, 217, 241, 244, 314, 346, 358, 361, 362, 422, 425, 434, 440, 454, 457, 466, 472, 481, 484]
[31, 47, 55, 59, 93, 94, 109, 110, 117, 182, 186, 214, 218, 230, 313, 345, 361, 362, 369, 372, 426, 436, 440, 458, 468, 472, 482, 484]
[31, 47, 55, 59, 93, 94, 109, 110, 181, 182, 185, 186, 213, 214, 217, 230, 346, 357, 361, 362, 410, 421, 425, 426, 453, 457, 466, 472, 482, 484]
[31, 47, 55, 59, 93, 94, 109, 110, 181, 185, 213, 214, 217, 229, 230, 310, 314, 346, 361, 362, 406, 422, 425, 436, 440, 457, 466, 472, 481, 482]
[31, 47, 55, 59, 93, 94, 109, 117, 174, 182, 185, 186, 206, 214, 217, 218, 233, 364, 369, 372, 428, 433, 436, 460, 465, 468, 481, 488]
[31, 47, 55, 59, 93, 94, 109, 117, 174, 185, 186, 206, 214, 217, 218, 233, 241, 310, 364, 372, 406, 422, 428, 434, 460, 468, 488, 496]
[31, 47, 55, 59, 93, 94, 109, 117, 174, 185, 186, 206, 214, 217, 218, 233, 310, 364, 369, 372, 406, 422, 428, 433, 434, 460, 465, 468, 481, 488]