[15, 23, 27, 29, 46, 54, 90, 106, 108, 114, 156, 180, 204, 216, 228, 240]
[15, 23, 27, 29, 46, 54, 90, 92, 106, 108, 114, 180, 212, 228, 240]
[15, 23, 27, 45, 46, 53, 86, 89, 90, 102, 113, 116, 169, 170, 201, 202, 225, 226]
[15, 23, 27, 45, 46, 53, 86, 89, 90, 102, 106, 169, 177, 180, 201, 209, 212, 228, 232]
[15, 23, 27, 45, 46, 53, 86, 90, 102, 106, 116, 153, 169, 177, 216, 232, 240]
[15, 23, 27, 45, 46, 53, 86, 90, 102, 106, 153, 169, 177, 180, 212, 216, 228, 232]
[15, 23, 27, 29, 46, 54, 90, 92, 106, 172, 178, 180, 204, 210, 212, 226, 232]
[15, 23, 27, 45, 46, 53, 86, 89, 90, 105, 106, 166, 177, 180, 198, 209, 212, 225, 226]
[15, 23, 27, 45, 46, 53, 54, 89, 105, 106, 154, 177, 178, 202, 209, 216, 225, 226]
[15, 23, 27, 45, 46, 53, 86, 102, 106, 116, 153, 154, 169, 177, 202, 210, 232, 240]
[15, 23, 27, 45, 46, 53, 54, 89, 90, 105, 170, 177, 178, 202, 209, 210, 225, 232]
[15, 23, 27, 45, 46, 53, 86, 89, 90, 102, 116, 169, 170, 177, 201, 202, 209, 226, 240]
[15, 23, 27, 45, 46, 53, 54, 89, 105, 106, 113, 154, 178, 202, 216, 226, 240]
[15, 23, 27, 45, 46, 53, 86, 90, 102, 116, 153, 169, 170, 177, 202, 216, 226, 240]
[15, 23, 27, 45, 46, 53, 86, 90, 105, 106, 153, 166, 177, 180, 198, 201, 212, 216, 225, 226]
[15, 23, 27, 45, 46, 53, 86, 89, 90, 105, 166, 170, 177, 180, 198, 202, 209, 212, 225, 232]
[15, 23, 27, 45, 46, 53, 54, 57, 90, 106, 178, 184, 210, 216, 226, 232]
[15, 23, 27, 45, 46, 53, 86, 89, 90, 102, 169, 170, 177, 180, 201, 202, 209, 212, 226, 228]
[15, 23, 27, 29, 46, 54, 90, 106, 108, 156, 178, 180, 204, 210, 216, 226, 228]
[15, 23, 27, 45, 46, 85, 89, 101, 102, 150, 154, 169, 170, 198, 201, 212, 216, 225, 226]