[ 0  1  2  3  4  5  6  7  8  9 10 11 12 13 14]
[[1. 0. 0. 0. 1. 1. 0. 1. 1. 0. 1. 0. 1. 0. 1.]
 [0. 1. 0. 0. 1. 0. 1. 1. 0. 1. 1. 0. 0. 1. 1.]
 [0. 0. 1. 0. 0. 1. 1. 1. 0. 0. 0. 1. 1. 1. 1.]
 [0. 0. 0. 1. 0. 0. 0. 0. 1. 1. 1. 1. 1. 1. 1.]]
[[4, 5, 8, 13], [4, 6, 9, 12], [5, 6, 10, 11], [7, 8, 9, 11], [7, 10, 12, 13]]
[3.0, -3.0, -3.0, 3.0, -3.0]
[ 0  1  2  3  4  5  6  7  8  9 10 11 12 13 14]
[[ 1.  0.  0.  0.  1.  1.  0.  1.  1.  0.  1.  0.  1.  0.  1.]
 [ 0.  1.  0.  0.  1.  0.  1.  1.  0.  1.  1.  0.  0.  1.  1.]
 [ 0.  0.  1.  0.  0.  1. -1.  1.  0.  0.  0.  1.  1. -1.  1.]
 [ 0.  0.  0.  1.  0.  0.  0.  0.  1.  1.  1. -1.  1.  1.  1.]]
[[0, 6, 11, 14], [0, 7, 12, 13], [4, 8, 13, 14], [4, 9, 11, 12], [6, 7, 8, 9]]
[3.0, 3.0, 3.0, 3.0, 3.0]
[ 0  1  2  3  4  5  6  7  8  9 10 11 12 13 14]
[[ 1.  0.  0.  0.  1.  1.  0.  1.  1.  0.  1.  0.  1.  0.  1.]
 [ 0.  1.  0.  0.  1.  0.  1.  1.  0.  1.  1.  0.  0.  1.  1.]
 [ 0.  0.  1.  0.  0.  1.  1.  1.  0.  0.  0.  1.  1.  1.  1.]
 [ 0.  0.  0.  1.  0.  0.  0.  0.  1. -1.  1. -1.  1. -1.  1.]]
[[0, 9, 11, 14], [0, 10, 12, 13], [4, 5, 13, 14], [4, 6, 11, 12], [5, 6, 9, 10]]
[3.0, -3.0, -3.0, 3.0, -3.0]
[ 0  1  2  3  4  5  6  7  8  9 10 11 12 13 14]
[[ 1.  0.  0.  0.  1.  1.  0.  1.  1.  0.  1.  0.  1.  0.  1.]
 [ 0.  1.  0.  0.  1.  0.  1.  1.  0.  1.  1.  0.  0.  1.  1.]
 [ 0.  0.  1.  0.  0.  1. -1. -1.  0.  0.  0.  1.  1. -1. -1.]
 [ 0.  0.  0.  1.  0.  0.  0.  0.  1.  1.  1.  1.  1.  1.  1.]]
[[1, 5, 11, 14], [1, 7, 12, 13], [4, 8, 11, 13], [4, 9, 12, 14], [5, 7, 8, 9]]
[-3.0, -3.0, -3.0, 3.0, -3.0]
[ 0  1  2  3  4  5  6  7  8  9 10 11 12 13 14]
[[ 1.  0.  0.  0.  1.  1.  0.  1.  1.  0.  1.  0.  1.  0.  1.]
 [ 0.  1.  0.  0.  1.  0.  1.  1.  0.  1.  1.  0.  0.  1.  1.]
 [ 0.  0.  1.  0.  0.  1. -1.  1.  0.  0.  0.  1.  1. -1.  1.]
 [ 0.  0.  0.  1.  0.  0.  0.  0.  1. -1.  1.  1.  1. -1.  1.]]
[[0, 6, 9, 14], [0, 7, 10, 13], [5, 8, 13, 14], [5, 9, 10, 11], [6, 7, 8, 11]]
[3.0, 3.0, 3.0, -3.0, 3.0]
[ 0  1  2  3  4  5  6  7  8  9 10 11 12 13 14]
[[ 1.  0.  0.  0.  1.  1.  0.  1.  1.  0.  1.  0.  1.  0.  1.]
 [ 0.  1.  0.  0.  1.  0.  1.  1.  0.  1.  1.  0.  0.  1.  1.]
 [ 0.  0.  1.  0.  0.  1.  1.  1.  0.  0.  0.  1. -1. -1. -1.]
 [ 0.  0.  0.  1.  0.  0.  0.  0.  1.  1.  1. -1.  1.  1.  1.]]
[[3, 5, 6, 14], [3, 7, 12, 13], [4, 5, 9, 12], [4, 6, 8, 13], [7, 8, 9, 14]]
[3.0, -3.0, -3.0, 3.0, -3.0]
[ 0  1  2  3  4  5  6  7  8  9 10 11 12 13 14]
[[ 1.  0.  0.  0.  1.  1.  0.  1.  1.  0.  1.  0.  1.  0.  1.]
 [ 0.  1.  0.  0.  1.  0.  1.  1.  0.  1.  1.  0.  0.  1.  1.]
 [ 0.  0.  1.  0.  0.  1.  1.  1.  0.  0.  0.  1.  1.  1.  1.]
 [ 0.  0.  0.  1.  0.  0.  0.  0.  1. -1. -1.  1.  1. -1. -1.]]
[[1, 8, 11, 14], [1, 10, 12, 13], [4, 5, 11, 13], [4, 6, 12, 14], [5, 6, 8, 10]]
[3.0, 3.0, 3.0, -3.0, 3.0]
[ 0  1  2  3  4  5  6  7  8  9 10 11 12 13 14]
[[ 1.  0.  0.  0.  1.  1.  0.  1.  1.  0.  1.  0.  1.  0.  1.]
 [ 0.  1.  0.  0.  1.  0.  1.  1.  0.  1.  1.  0.  0.  1.  1.]
 [ 0.  0.  1.  0.  0.  1.  1.  1.  0.  0.  0.  1.  1.  1.  1.]
 [ 0.  0.  0.  1.  0.  0.  0.  0.  1.  1.  1. -1. -1. -1. -1.]]
[[2, 8, 9, 14], [2, 10, 12, 13], [4, 5, 9, 13], [4, 6, 8, 12], [5, 6, 10, 14]]
[-3.0, 3.0, 3.0, -3.0, 3.0]
[ 0  1  2  3  4  5  6  7  8  9 10 11 12 13 14]
[[ 1.  0.  0.  0.  1.  1.  0.  1.  1.  0.  1.  0.  1.  0.  1.]
 [ 0.  1.  0.  0.  1.  0.  1. -1.  0.  1.  1.  0.  0.  1. -1.]
 [ 0.  0.  1.  0.  0.  1. -1.  1.  0.  0.  0.  1.  1. -1.  1.]
 [ 0.  0.  0.  1.  0.  0.  0.  0.  1.  1.  1.  1.  1. -1.  1.]]
[[2, 4, 9, 14], [2, 7, 10, 13], [4, 7, 8, 11], [5, 8, 9, 13], [5, 10, 11, 14]]
[3.0, -3.0, 3.0, -3.0, 3.0]
[ 0  1  2  3  4  5  6  7  8  9 10 11 12 13 14]
[[ 1.  0.  0.  0.  1.  1.  0.  1.  1.  0.  1.  0.  1.  0.  1.]
 [ 0.  1.  0.  0.  1.  0.  1.  1.  0.  1. -1.  0.  0.  1. -1.]
 [ 0.  0.  1.  0.  0.  1.  1.  1.  0.  0.  0.  1.  1. -1.  1.]
 [ 0.  0.  0.  1.  0.  0.  0.  0.  1. -1.  1.  1.  1. -1.  1.]]
[[3, 4, 6, 14], [3, 7, 10, 13], [4, 5, 10, 11], [5, 6, 8, 13], [7, 8, 11, 14]]
[-3.0, -3.0, 3.0, 3.0, 3.0]
[ 0  1  2  3  4  5  6  7  8  9 10 11 12 13 14]
[[ 1.  0.  0.  0.  1.  1.  0.  1.  1.  0.  1.  0.  1.  0.  1.]
 [ 0.  1.  0.  0.  1.  0.  1. -1.  0.  1.  1.  0.  0.  1. -1.]
 [ 0.  0.  1.  0.  0.  1. -1.  1.  0.  0.  0.  1.  1. -1.  1.]
 [ 0.  0.  0.  1.  0.  0.  0.  0.  1. -1.  1. -1.  1.  1.  1.]]
[[0, 9, 12, 13], [0, 10, 11, 14], [2, 4, 13, 14], [2, 7, 9, 10], [4, 7, 11, 12]]
[3.0, 3.0, 3.0, 3.0, -3.0]
[ 0  1  2  3  4  5  6  7  8  9 10 11 12 13 14]
[[ 1.  0.  0.  0.  1.  1.  0.  1.  1.  0.  1.  0.  1.  0.  1.]
 [ 0.  1.  0.  0.  1.  0.  1.  1.  0.  1. -1.  0.  0.  1. -1.]
 [ 0.  0.  1.  0.  0.  1. -1.  1.  0.  0.  0.  1.  1.  1.  1.]
 [ 0.  0.  0.  1.  0.  0.  0.  0.  1. -1.  1. -1.  1. -1.  1.]]
[[0, 6, 12, 13], [0, 7, 11, 14], [3, 4, 13, 14], [3, 6, 7, 10], [4, 10, 11, 12]]
[-3.0, 3.0, -3.0, -3.0, -3.0]
[ 0  1  2  3  4  5  6  7  8  9 10 11 12 13 14]
[[ 1.  0.  0.  0.  1.  1.  0.  1.  1.  0.  1.  0.  1.  0.  1.]
 [ 0.  1.  0.  0.  1.  0.  1.  1.  0.  1.  1.  0.  0.  1.  1.]
 [ 0.  0.  1.  0.  0.  1. -1.  1.  0.  0.  0.  1. -1.  1. -1.]
 [ 0.  0.  0.  1.  0.  0.  0.  0.  1. -1.  1. -1.  1. -1.  1.]]
[[0, 6, 10, 13], [0, 7, 9, 14], [3, 5, 13, 14], [3, 6, 7, 12], [5, 9, 10, 12]]
[-3.0, -3.0, 3.0, -3.0, 3.0]
[ 0  1  2  3  4  5  6  7  8  9 10 11 12 13 14]
[[ 1.  0.  0.  0.  1.  1.  0.  1.  1.  0.  1.  0.  1.  0.  1.]
 [ 0.  1.  0.  0.  1.  0.  1.  1.  0.  1.  1.  0.  0.  1.  1.]
 [ 0.  0.  1.  0.  0.  1. -1.  1.  0.  0.  0.  1.  1. -1.  1.]
 [ 0.  0.  0.  1.  0.  0.  0.  0.  1. -1.  1. -1. -1.  1. -1.]]
[[0, 6, 10, 14], [0, 7, 9, 13], [2, 8, 13, 14], [2, 9, 10, 12], [6, 7, 8, 12]]
[-3.0, -3.0, -3.0, 3.0, -3.0]
[ 0  1  2  3  4  5  6  7  8  9 10 11 12 13 14]
[[ 1.  0.  0.  0.  1.  1.  0.  1.  1.  0.  1.  0.  1.  0.  1.]
 [ 0.  1.  0.  0.  1.  0.  1. -1.  0.  1.  1.  0.  0.  1. -1.]
 [ 0.  0.  1.  0.  0.  1. -1.  1.  0.  0.  0.  1.  1. -1.  1.]
 [ 0.  0.  0.  1.  0.  0.  0.  0.  1.  1.  1. -1. -1.  1. -1.]]
[[2, 4, 8, 14], [2, 7, 10, 12], [4, 7, 9, 11], [6, 8, 9, 12], [6, 10, 11, 14]]
[3.0, -3.0, 3.0, 3.0, 3.0]
[ 0  1  2  3  4  5  6  7  8  9 10 11 12 13 14]
[[ 1.  0.  0.  0.  1.  1.  0.  1.  1.  0.  1.  0.  1.  0.  1.]
 [ 0.  1.  0.  0.  1.  0.  1.  1.  0.  1. -1.  0.  0.  1. -1.]
 [ 0.  0.  1.  0.  0.  1.  1.  1.  0.  0.  0.  1. -1.  1. -1.]
 [ 0.  0.  0.  1.  0.  0.  0.  0.  1. -1.  1. -1.  1. -1.  1.]]
[[3, 4, 5, 14], [3, 7, 10, 12], [4, 6, 10, 11], [5, 6, 9, 12], [7, 9, 11, 14]]
[-3.0, -3.0, -3.0, -3.0, -3.0]
[ 0  1  2  3  4  5  6  7  8  9 10 11 12 13 14]
[[ 1.  0.  0.  0.  1.  1.  0.  1.  1.  0.  1.  0.  1.  0.  1.]
 [ 0.  1.  0.  0.  1.  0.  1.  1.  0.  1.  1.  0.  0.  1.  1.]
 [ 0.  0.  1.  0.  0.  1. -1. -1.  0.  0.  0.  1.  1. -1. -1.]
 [ 0.  0.  0.  1.  0.  0.  0.  0.  1. -1.  1. -1.  1. -1.  1.]]
[[0, 9, 12, 14], [0, 10, 11, 13], [1, 5, 13, 14], [1, 7, 11, 12], [5, 7, 9, 10]]
[3.0, -3.0, 3.0, -3.0, 3.0]
[ 0  1  2  3  4  5  6  7  8  9 10 11 12 13 14]
[[ 1.  0.  0.  0.  1.  1.  0.  1.  1.  0.  1.  0.  1.  0.  1.]
 [ 0.  1.  0.  0.  1.  0.  1.  1.  0.  1.  1.  0.  0.  1.  1.]
 [ 0.  0.  1.  0.  0.  1. -1.  1.  0.  0.  0.  1.  1. -1.  1.]
 [ 0.  0.  0.  1.  0.  0.  0.  0.  1. -1. -1. -1.  1. -1. -1.]]
[[0, 6, 12, 14], [0, 7, 11, 13], [1, 8, 13, 14], [1, 10, 11, 12], [6, 7, 8, 10]]
[-3.0, -3.0, -3.0, -3.0, -3.0]
[ 0  1  2  3  4  5  6  7  8  9 10 11 12 13 14]
[[ 1.  0.  0.  0.  1.  1.  0.  1.  1.  0.  1.  0.  1.  0.  1.]
 [ 0.  1.  0.  0.  1.  0.  1. -1.  0.  1. -1.  0.  0.  1.  1.]
 [ 0.  0.  1.  0.  0.  1. -1.  1.  0.  0.  0.  1. -1. -1. -1.]
 [ 0.  0.  0.  1.  0.  0.  0.  0.  1. -1.  1. -1.  1.  1.  1.]]
[[2, 4, 10, 13], [2, 7, 9, 14], [3, 4, 7, 12], [3, 5, 10, 14], [5, 9, 12, 13]]
[-3.0, 3.0, -3.0, -3.0, -3.0]
[ 0  1  2  3  4  5  6  7  8  9 10 11 12 13 14]
[[ 1.  0.  0.  0.  1.  1.  0.  1.  1.  0.  1.  0.  1.  0.  1.]
 [ 0.  1.  0.  0.  1.  0.  1. -1.  0.  1. -1.  0.  0.  1.  1.]
 [ 0.  0.  1.  0.  0.  1. -1.  1.  0.  0.  0.  1.  1.  1.  1.]
 [ 0.  0.  0.  1.  0.  0.  0.  0.  1. -1.  1. -1. -1. -1. -1.]]
[[2, 4, 10, 12], [2, 7, 8, 14], [3, 4, 7, 13], [3, 6, 10, 14], [6, 8, 12, 13]]
[3.0, -3.0, 3.0, 3.0, -3.0]
[ 0  1  2  3  4  5  6  7  8  9 10 11 12 13 14]
[[ 1.  0.  0.  0.  1.  1.  0.  1.  1.  0.  1.  0.  1.  0.  1.]
 [ 0.  1.  0.  0.  1.  0.  1.  1.  0.  1.  1.  0.  0.  1.  1.]
 [ 0.  0.  1.  0.  0.  1. -1. -1.  0.  0.  0.  1. -1.  1.  1.]
 [ 0.  0.  0.  1.  0.  0.  0.  0.  1. -1. -1. -1.  1. -1. -1.]]
[[1, 5, 10, 12], [1, 7, 8, 14], [3, 5, 7, 13], [3, 6, 12, 14], [6, 8, 10, 13]]
[3.0, 3.0, -3.0, 3.0, -3.0]
[ 0  1  2  3  4  5  6  7  8  9 10 11 12 13 14]
[[ 1.  0.  0.  0.  1.  1.  0.  1.  1.  0.  1.  0.  1.  0.  1.]
 [ 0.  1.  0.  0.  1.  0.  1.  1.  0.  1.  1.  0.  0.  1.  1.]
 [ 0.  0.  1.  0.  0.  1. -1. -1.  0.  0.  0.  1.  1. -1. -1.]
 [ 0.  0.  0.  1.  0.  0.  0.  0.  1. -1. -1. -1. -1.  1.  1.]]
[[1, 5, 10, 14], [1, 7, 8, 12], [2, 8, 10, 13], [2, 9, 12, 14], [5, 7, 9, 13]]
[3.0, 3.0, 3.0, -3.0, 3.0]
[ 0  1  2  3  4  5  6  7  8  9 10 11 12 13 14]
[[ 1.  0.  0.  0.  1.  1.  0.  1.  1.  0.  1.  0.  1.  0.  1.]
 [ 0.  1.  0.  0.  1.  0.  1.  1.  0.  1.  1.  0.  0.  1.  1.]
 [ 0.  0.  1.  0.  0.  1. -1. -1.  0.  0.  0.  1.  1. -1. -1.]
 [ 0.  0.  0.  1.  0.  0.  0.  0.  1. -1. -1.  1.  1. -1. -1.]]
[[1, 5, 8, 14], [1, 7, 10, 12], [5, 7, 9, 11], [6, 8, 10, 11], [6, 9, 12, 14]]
[-3.0, -3.0, 3.0, -3.0, -3.0]
[ 0  1  2  3  4  5  6  7  8  9 10 11 12 13 14]
[[ 1.  0.  0.  0.  1.  1.  0.  1.  1.  0.  1.  0.  1.  0.  1.]
 [ 0.  1.  0.  0.  1.  0.  1. -1.  0.  1.  1.  0.  0.  1. -1.]
 [ 0.  0.  1.  0.  0.  1. -1.  1.  0.  0.  0.  1.  1. -1.  1.]
 [ 0.  0.  0.  1.  0.  0.  0.  0.  1. -1. -1. -1. -1. -1.  1.]]
[[1, 8, 12, 13], [1, 10, 11, 14], [2, 4, 12, 14], [2, 7, 8, 10], [4, 7, 11, 13]]
[3.0, -3.0, -3.0, -3.0, 3.0]
[ 0  1  2  3  4  5  6  7  8  9 10 11 12 13 14]
[[ 1.  0.  0.  0.  1.  1.  0.  1.  1.  0.  1.  0.  1.  0.  1.]
 [ 0.  1.  0.  0.  1.  0.  1.  1.  0.  1. -1.  0.  0.  1. -1.]
 [ 0.  0.  1.  0.  0.  1. -1. -1.  0.  0.  0.  1. -1. -1.  1.]
 [ 0.  0.  0.  1.  0.  0.  0.  0.  1. -1.  1. -1.  1. -1.  1.]]
[[1, 5, 12, 13], [1, 7, 11, 14], [3, 4, 12, 14], [3, 5, 7, 10], [4, 10, 11, 13]]
[-3.0, -3.0, 3.0, 3.0, 3.0]
[[1. 0. 0. 0. 1. 1. 0. 1. 1. 0. 1. 0. 1. 0. 1.]
 [0. 1. 0. 0. 1. 0. 1. 1. 0. 1. 1. 0. 0. 1. 1.]
 [0. 0. 1. 0. 0. 1. 1. 1. 0. 0. 0. 1. 1. 1. 1.]
 [0. 0. 0. 1. 0. 0. 0. 0. 1. 1. 1. 1. 1. 1. 1.]] no lift
