[15, 29, 39, 43, 46, 89, 92, 105, 108, 149, 165, 209, 212, 225, 228]
[15, 23, 27, 29, 46, 54, 58, 60, 99, 163, 195, 225, 226]
[15, 23, 27, 29, 30, 99, 163, 195, 225, 226]
[15, 23, 29, 43, 46, 57, 83, 86, 99, 101, 102, 156, 165, 172, 177, 184, 197, 209, 212]
[15, 23, 29, 43, 46, 57, 83, 86, 99, 102, 156, 172, 177, 184, 209, 212, 225, 228]
[15, 23, 29, 43, 46, 57, 83, 86, 102, 156, 163, 172, 177, 184, 195, 209, 212, 226, 228]
[15, 27, 30, 39, 45, 57, 83, 86, 102, 156, 163, 172, 177, 184, 195, 209, 212, 226, 228]
[15, 27, 29, 30, 39, 83, 86, 99, 101, 102, 149, 197, 209, 212]
[15, 23, 27, 45, 46, 53, 54, 57, 58, 99, 163, 195, 225, 226]
[15, 23, 27, 30, 45, 89, 92, 99, 105, 108, 149, 163, 165, 195, 209, 212, 226, 228]
[15, 27, 29, 30, 39, 83, 86, 102, 149, 163, 165, 195, 209, 212, 226, 228]
[15, 29, 39, 43, 46, 57, 101, 149, 156, 172, 177, 184, 197, 225, 228]
[15, 27, 29, 30, 39, 83, 86, 102, 108, 149, 163, 165, 172, 195, 204, 209, 212, 226, 232]
[15, 23, 27, 29, 30, 99, 101, 108, 163, 165, 172, 195, 197, 204, 226, 232]
[15, 23, 29, 43, 46, 83, 86, 89, 92, 101, 102, 105, 163, 165, 172, 195, 197, 204, 226, 232]
[15, 23, 29, 30, 43, 51, 57, 58, 101, 108, 165, 172, 197, 204, 225, 232]
[15, 23, 30, 43, 45, 51, 58, 108, 149, 156, 165, 177, 184, 204, 228, 232]
[15, 27, 29, 39, 46, 99, 101, 147, 149, 154, 156, 170, 172, 195, 197, 226, 228]
[15, 23, 29, 30, 43, 57, 99, 147, 154, 170, 177, 184, 195, 225, 226]
[15, 23, 29, 30, 43, 57, 99, 101, 147, 154, 165, 170, 177, 184, 195, 197, 226, 228]
[15, 23, 43, 45, 46, 83, 86, 99, 101, 102, 149, 197, 209, 212]
[15, 27, 29, 30, 39, 83, 85, 86, 102, 163, 165, 195, 197, 226, 228]
[15, 23, 30, 43, 45, 99, 101, 147, 149, 154, 156, 170, 172, 195, 197, 226, 228]
[15, 23, 30, 43, 45, 51, 58, 101, 108, 149, 156, 177, 184, 197, 204, 225, 232]
[15, 23, 30, 43, 45, 99, 101, 108, 147, 149, 154, 156, 170, 195, 197, 204, 226, 232]
[15, 29, 30, 39, 43, 57, 83, 85, 86, 102, 147, 154, 165, 170, 177, 184, 195, 197, 226, 228]
[15, 23, 27, 30, 45, 57, 99, 101, 108, 149, 156, 163, 177, 184, 195, 197, 204, 226, 232]
[15, 23, 27, 30, 45, 85, 89, 92, 99, 105, 108, 163, 165, 195, 197, 226, 228]
[15, 27, 30, 39, 45, 57, 83, 85, 86, 99, 102, 108, 149, 156, 177, 184, 197, 204, 225, 232]
[15, 30, 39, 43, 45, 83, 85, 86, 102, 147, 149, 154, 156, 170, 172, 195, 197, 226, 228]
[15, 30, 39, 43, 45, 83, 85, 86, 102, 108, 147, 149, 154, 156, 170, 195, 197, 204, 226, 232]
[15, 27, 29, 39, 46, 51, 58, 85, 101, 156, 172, 177, 184, 209, 212, 225, 228]
[15, 27, 29, 39, 46, 85, 101, 147, 154, 156, 163, 170, 172, 209, 212, 225, 228]
[15, 27, 29, 39, 46, 85, 99, 101, 147, 154, 156, 170, 172, 195, 209, 212, 226, 228]
[15, 27, 29, 39, 46, 51, 58, 85, 101, 108, 156, 177, 184, 204, 209, 212, 225, 232]
[15, 27, 29, 39, 46, 85, 99, 101, 108, 147, 154, 156, 170, 195, 204, 209, 212, 226, 232]
[15, 23, 27, 30, 45, 57, 85, 99, 101, 108, 156, 163, 177, 184, 195, 204, 209, 212, 226, 232]
[15, 27, 30, 39, 77, 83, 86, 89, 92, 102, 163, 165, 195, 197, 226, 228]
[15, 27, 30, 39, 51, 53, 54, 77, 89, 92, 149, 197, 209, 212]
[15, 27, 30, 39, 57, 77, 83, 86, 99, 102, 105, 108, 156, 165, 172, 177, 184, 197, 209, 212]
[15, 30, 39, 43, 53, 54, 58, 77, 105, 108, 149, 156, 172, 177, 184, 197, 225, 228]
[15, 23, 30, 43, 77, 105, 147, 149, 154, 156, 163, 170, 197, 204, 225, 232]
[15, 23, 30, 43, 51, 53, 58, 60, 77, 105, 165, 172, 197, 204, 225, 232]
[15, 27, 30, 39, 53, 57, 60, 77, 83, 86, 99, 102, 105, 108, 149, 197, 209, 212]
[15, 23, 27, 46, 53, 54, 57, 58, 77, 99, 105, 163, 165, 172, 195, 197, 204, 226, 232]
[15, 23, 27, 46, 53, 54, 57, 58, 77, 99, 105, 108, 163, 165, 195, 197, 226, 228]
[15, 27, 39, 46, 57, 77, 99, 105, 108, 147, 154, 165, 170, 177, 184, 195, 197, 226, 228]
[15, 23, 29, 43, 46, 57, 83, 86, 102, 108, 156, 163, 177, 184, 195, 204, 209, 212, 226, 232]
[15, 27, 39, 46, 53, 57, 60, 77, 105, 147, 149, 154, 156, 163, 170, 197, 204, 225, 232]
[15, 27, 30, 39, 45, 57, 83, 86, 102, 108, 156, 163, 177, 184, 195, 204, 209, 212, 226, 232]
[15, 23, 30, 43, 51, 58, 77, 101, 105, 108, 149, 156, 165, 172, 177, 184]
[15, 23, 27, 46, 53, 54, 58, 77, 89, 92, 101, 156, 172, 177, 184, 209, 212, 225, 228]
[15, 27, 39, 46, 51, 58, 77, 89, 92, 101, 156, 172, 177, 184, 209, 212, 225, 228]
[15, 39, 43, 46, 57, 77, 89, 92, 101, 156, 172, 177, 184, 209, 212, 225, 228]
[15, 27, 39, 46, 77, 89, 92, 101, 147, 154, 156, 163, 170, 172, 209, 212, 225, 228]
[15, 23, 27, 46, 54, 58, 60, 77, 89, 92, 99, 101, 149, 163, 165, 195, 209, 212, 226, 228]
[15, 23, 43, 46, 53, 57, 60, 77, 83, 86, 89, 92, 101, 102, 163, 195, 225, 226]
[15, 27, 30, 39, 57, 77, 83, 85, 86, 99, 102, 105, 149, 156, 165, 177, 184, 204, 228, 232]
[15, 27, 39, 45, 46, 51, 58, 85, 89, 92, 105, 149, 156, 177, 184, 197, 204, 225, 232]
[15, 29, 39, 43, 46, 57, 85, 101, 108, 156, 177, 184, 204, 209, 212, 225, 232]
[15, 27, 29, 46, 53, 54, 58, 71, 83, 86, 156, 165, 172, 177, 184, 197, 209, 212]
[15, 23, 30, 43, 51, 58, 77, 105, 149, 156, 177, 184, 197, 204, 225, 232]
[15, 30, 43, 45, 53, 54, 58, 71, 99, 102, 108, 149, 156, 177, 184, 197, 204, 225, 232]
[15, 27, 29, 46, 53, 54, 58, 71, 83, 86, 101, 156, 172, 177, 184, 209, 212, 225, 228]
[15, 30, 43, 45, 51, 58, 71, 83, 86, 101, 108, 156, 177, 184, 204, 209, 212, 225, 232]
[15, 27, 29, 46, 51, 58, 71, 85, 102, 108, 156, 163, 177, 184, 195, 204, 209, 212, 226, 232]
[15, 30, 43, 45, 53, 54, 58, 71, 85, 99, 102, 108, 156, 177, 184, 204, 209, 212, 225, 232]
[15, 30, 43, 51, 53, 58, 60, 71, 77, 83, 86, 105, 149, 165, 172, 204, 209, 212, 225, 232]
[15, 23, 27, 29, 30, 99, 101, 106, 108, 163, 165, 170, 172, 195, 197, 202, 204]
[15, 23, 29, 30, 43, 57, 99, 101, 106, 108, 147, 154, 165, 172, 177, 184, 195, 197, 202, 204]
[15, 27, 30, 39, 45, 51, 54, 57, 60, 85, 106, 149, 170, 197, 202, 209, 212, 226, 232]
[15, 27, 30, 39, 51, 53, 54, 77, 89, 92, 106, 149, 170, 197, 202, 209, 212, 226, 232]
[15, 27, 46, 57, 71, 77, 102, 105, 106, 147, 154, 172, 177, 184, 195, 202, 204, 225, 228]
[15, 23, 30, 43, 53, 57, 60, 77, 83, 89, 90, 101, 108, 163, 170, 195, 202, 225, 232]
[15, 23, 27, 46, 77, 86, 89, 90, 101, 102, 149, 165, 170, 172, 202, 204, 209, 212, 225, 226]
[15, 29, 43, 71, 78, 89, 92, 101, 105, 149, 163, 165, 170, 195, 202, 209, 212, 228, 232]
[15, 27, 29, 53, 60, 71, 78, 101, 108, 147, 154, 177, 184, 195, 202, 225, 232]
[15, 29, 43, 51, 57, 58, 71, 78, 85, 108, 147, 154, 156, 172, 195, 202, 209, 212, 228, 232]
[15, 27, 29, 39, 53, 54, 58, 78, 83, 86, 99, 106, 156, 177, 184, 204, 209, 212, 225, 232]
[15, 23, 30, 51, 58, 75, 77, 99, 101, 149, 156, 165, 170, 177, 184, 202, 204, 226, 228]
[15, 29, 39, 75, 78, 89, 92, 99, 102, 149, 165, 209, 212, 225, 228]
[15, 27, 30, 39, 77, 83, 86, 89, 99, 102, 108, 120, 156, 165, 172, 184, 197, 212, 225, 240]
[15, 27, 30, 39, 53, 60, 77, 83, 86, 89, 99, 102, 108, 120, 149, 177, 197, 212, 225, 240]
[15, 29, 43, 71, 78, 85, 89, 99, 105, 120, 156, 170, 184, 202, 204, 212, 226, 240]
[15, 27, 29, 71, 78, 92, 99, 101, 106, 120, 147, 149, 154, 163, 165, 170, 184, 212, 228, 240]
[15, 23, 43, 46, 53, 77, 83, 86, 99, 102, 105, 116, 165, 172, 177, 197, 204, 209, 232, 240]
[15, 23, 43, 46, 51, 54, 77, 92, 101, 105, 116, 120, 149, 156, 165, 172, 177, 184]
[15, 23, 45, 46, 53, 75, 86, 90, 102, 105, 116, 120, 147, 154, 170, 177, 184, 195, 225, 226]
[15, 30, 43, 45, 53, 58, 71, 86, 99, 108, 114, 116, 149, 156, 177, 184, 197, 204, 225, 232]
[15, 51, 58, 60, 71, 75, 77, 78, 113, 116, 147, 154, 156, 163, 170, 172, 209, 212, 225, 228]
[15, 29, 39, 53, 75, 89, 102, 106, 116, 120, 142, 156, 163, 170, 177, 184, 195, 198, 209, 212]
[15, 29, 43, 57, 71, 85, 99, 113, 142, 156, 170, 184, 198, 212, 226, 240]
