[15, 27, 29, 30, 39, 83, 86, 102, 149, 163, 165, 195, 209, 212, 226, 228]
[15, 27, 30, 39, 45, 57, 83, 86, 102, 156, 163, 172, 177, 184, 195, 209, 212, 226, 228]
[15, 27, 30, 39, 45, 57, 83, 86, 99, 102, 156, 172, 177, 184, 209, 212, 225, 228]
[15, 23, 29, 43, 46, 57, 83, 86, 102, 156, 163, 172, 177, 184, 195, 209, 212, 226, 228]
[15, 29, 30, 43, 53, 54, 57, 58, 71, 102, 163, 165, 195, 197, 226, 228]
[15, 30, 43, 45, 51, 58, 71, 83, 86, 156, 165, 172, 177, 184, 197, 209, 212]
[15, 29, 43, 46, 57, 71, 102, 149, 156, 163, 172, 177, 184, 195, 197, 226, 228]
[15, 27, 29, 46, 51, 58, 71, 102, 149, 156, 163, 172, 177, 184, 195, 197, 226, 228]
[15, 29, 39, 43, 46, 57, 85, 156, 165, 172, 177, 184, 197, 209, 212]
[15, 27, 46, 51, 58, 71, 77, 89, 92, 102, 156, 163, 172, 177, 184, 195, 209, 212, 226, 228]
[15, 27, 46, 51, 58, 71, 77, 89, 92, 99, 102, 156, 172, 177, 184, 209, 212, 225, 228]
[15, 29, 43, 46, 57, 71, 85, 102, 156, 163, 172, 177, 184, 195, 209, 212, 226, 228]
[15, 23, 27, 30, 57, 77, 85, 105, 108, 156, 172, 177, 184, 209, 212, 225, 228]
[15, 23, 30, 43, 51, 58, 77, 85, 105, 108, 156, 172, 177, 184, 209, 212, 225, 228]
[15, 29, 39, 46, 75, 89, 92, 99, 149, 165, 170, 172, 202, 204, 209, 212, 225, 226]
[15, 30, 39, 54, 58, 60, 75, 77, 99, 165, 170, 172, 197, 202, 204, 225, 226]
[15, 30, 39, 53, 54, 58, 75, 77, 85, 99, 156, 170, 177, 184, 202, 204, 209, 212, 225, 226]
[15, 23, 30, 51, 58, 75, 77, 99, 101, 149, 156, 165, 170, 177, 184, 202, 204, 226, 228]
[15, 27, 29, 51, 58, 71, 78, 99, 149, 156, 170, 177, 184, 197, 202, 204, 225, 226]
[15, 27, 29, 51, 58, 71, 78, 85, 99, 156, 170, 177, 184, 202, 204, 209, 212, 225, 226]
[15, 30, 39, 45, 57, 75, 86, 89, 90, 102, 156, 163, 172, 177, 184, 195, 209, 212, 226, 228]
[15, 27, 29, 53, 58, 60, 71, 78, 83, 114, 165, 170, 172, 177, 197, 202, 204, 209, 226, 240]
[15, 29, 43, 57, 78, 92, 106, 120, 135, 149, 163, 177, 198, 212, 226, 240]
