[31, 55, 61, 94, 103, 118, 122, 124, 155, 179, 185, 186, 227, 229, 234, 236, 271, 301, 327, 334, 395, 421, 425, 428, 451, 453, 458, 460]
[31, 55, 94, 110, 115, 118, 155, 157, 181, 218, 220, 229, 241, 244, 271, 295, 302, 339, 355, 357, 362, 364, 395, 397, 403, 453, 458, 460, 465, 466]
[31, 55, 62, 115, 122, 124, 155, 157, 181, 218, 220, 229, 241, 244, 271, 295, 302, 339, 355, 357, 362, 364, 395, 397, 403, 453, 458, 460, 465, 466]
[31, 55, 62, 115, 155, 157, 181, 186, 188, 229, 234, 236, 241, 242, 271, 295, 302, 339, 355, 357, 362, 364, 395, 397, 403, 453, 458, 460, 465, 466]
[31, 55, 61, 94, 103, 115, 118, 155, 185, 188, 218, 220, 229, 241, 244, 271, 301, 327, 334, 339, 395, 403, 421, 425, 428, 453, 458, 460, 465, 466]
[31, 55, 94, 110, 118, 155, 157, 179, 181, 203, 218, 220, 227, 229, 242, 244, 271, 295, 302, 331, 355, 357, 362, 364, 397, 453, 457, 460]
[31, 55, 62, 122, 124, 155, 157, 179, 181, 203, 218, 220, 227, 229, 242, 244, 271, 295, 302, 331, 355, 357, 362, 364, 397, 453, 457, 460]
[31, 55, 62, 103, 110, 122, 124, 155, 157, 179, 181, 203, 218, 220, 227, 229, 242, 244, 271, 327, 331, 334, 397, 453, 457, 460]
[31, 55, 61, 94, 103, 118, 155, 179, 185, 188, 203, 218, 220, 227, 229, 242, 244, 271, 301, 327, 331, 334, 421, 425, 428, 453, 457, 460]
[31, 55, 61, 94, 103, 118, 122, 124, 155, 179, 185, 186, 203, 227, 229, 234, 236, 271, 301, 327, 331, 334, 421, 425, 428, 453, 457, 460]
[31, 55, 94, 109, 110, 118, 155, 157, 179, 181, 205, 218, 220, 227, 229, 242, 244, 271, 295, 301, 302, 355, 361, 362, 395, 451, 457, 458]
[31, 55, 62, 79, 103, 110, 122, 124, 155, 157, 179, 181, 205, 218, 220, 227, 229, 242, 244, 331, 395, 451, 457, 458]
[31, 55, 94, 109, 110, 115, 118, 155, 157, 181, 205, 218, 220, 229, 241, 244, 271, 295, 301, 302, 339, 355, 361, 362, 395, 403, 457, 458, 465, 466]
[31, 55, 62, 109, 115, 122, 124, 155, 157, 181, 205, 218, 220, 229, 241, 244, 271, 295, 301, 302, 339, 355, 361, 362, 395, 403, 457, 458, 465, 466]
[31, 55, 62, 109, 115, 155, 157, 181, 186, 188, 205, 229, 234, 236, 241, 242, 271, 295, 301, 302, 339, 355, 361, 362, 395, 403, 457, 458, 465, 466]
[31, 55, 62, 79, 103, 110, 115, 122, 124, 155, 157, 181, 205, 218, 220, 229, 241, 244, 331, 339, 395, 403, 457, 458, 465, 466]
[31, 55, 61, 62, 103, 110, 115, 121, 122, 155, 217, 218, 271, 301, 327, 334, 339, 357, 361, 364, 395, 403, 457, 458, 465, 466]
[31, 55, 61, 94, 110, 115, 118, 121, 124, 155, 217, 218, 271, 295, 301, 302, 339, 355, 361, 362, 395, 403, 457, 458, 465, 466]
[31, 55, 61, 62, 103, 110, 121, 122, 155, 179, 217, 218, 227, 241, 242, 271, 301, 327, 334, 357, 361, 364, 395, 451, 457, 458]
[31, 55, 61, 94, 110, 118, 121, 124, 155, 179, 217, 218, 227, 241, 242, 271, 295, 301, 302, 355, 361, 362, 395, 451, 457, 458]
[31, 55, 62, 91, 115, 157, 181, 186, 188, 217, 218, 229, 234, 236, 241, 242, 271, 295, 302, 331, 355, 357, 362, 364, 397, 453, 457, 460]
[31, 55, 61, 62, 91, 103, 110, 115, 185, 186, 217, 218, 229, 234, 236, 241, 242, 271, 301, 327, 331, 334, 421, 425, 428, 453, 457, 460]
[31, 55, 61, 94, 103, 118, 155, 179, 185, 188, 218, 220, 227, 233, 236, 242, 244, 271, 301, 327, 334, 357, 361, 364, 395, 451, 457, 458]
[31, 55, 61, 94, 110, 118, 155, 179, 185, 188, 218, 220, 227, 233, 236, 242, 244, 271, 295, 301, 302, 355, 361, 362, 395, 451, 457, 458]
[31, 55, 61, 62, 103, 110, 115, 155, 185, 186, 233, 234, 241, 242, 271, 301, 327, 334, 339, 357, 361, 364, 395, 403, 457, 458, 465, 466]
[31, 55, 61, 94, 103, 115, 118, 155, 185, 188, 218, 220, 233, 236, 241, 244, 271, 301, 327, 334, 339, 357, 361, 364, 395, 403, 457, 458, 465, 466]
[31, 55, 61, 79, 94, 103, 109, 115, 118, 155, 185, 188, 218, 220, 233, 236, 241, 244, 331, 339, 395, 403, 457, 458, 465, 466]
[31, 55, 61, 94, 110, 115, 118, 155, 185, 188, 218, 220, 233, 236, 241, 244, 271, 295, 301, 302, 339, 355, 361, 362, 395, 403, 457, 458, 465, 466]
[31, 55, 61, 62, 79, 109, 121, 122, 155, 179, 203, 217, 218, 227, 241, 242, 295, 302, 327, 334, 355, 357, 362, 364]
[31, 55, 91, 94, 110, 115, 118, 157, 181, 203, 217, 220, 229, 241, 244, 271, 295, 302, 355, 357, 362, 364, 395, 397, 451, 453, 458, 460]
[31, 55, 62, 91, 115, 122, 124, 157, 181, 203, 217, 220, 229, 241, 244, 271, 295, 302, 355, 357, 362, 364, 395, 397, 451, 453, 458, 460]
[31, 55, 94, 103, 118, 122, 124, 155, 157, 179, 181, 186, 188, 203, 227, 233, 234, 271, 327, 331, 334, 357, 361, 364, 397, 421, 425, 428]
[31, 55, 61, 62, 103, 109, 110, 121, 122, 155, 179, 205, 217, 218, 271, 327, 334, 355, 369, 370, 395, 397, 419, 433, 434, 453, 458, 460, 465, 466]
[31, 55, 61, 62, 109, 115, 155, 185, 186, 205, 233, 234, 241, 242, 271, 295, 302, 339, 355, 357, 362, 364, 395, 397, 403, 453, 458, 460, 465, 466]
[31, 55, 62, 103, 110, 155, 157, 179, 186, 188, 203, 227, 233, 234, 271, 309, 327, 331, 334, 357, 361, 364, 397, 405, 425, 428, 433, 436]
[31, 55, 94, 103, 118, 122, 124, 155, 157, 179, 186, 188, 203, 227, 233, 234, 271, 309, 327, 331, 334, 357, 361, 364, 397, 405, 425, 428, 433, 436]
[31, 55, 94, 103, 118, 155, 157, 179, 203, 218, 220, 227, 233, 236, 242, 244, 271, 309, 327, 331, 334, 357, 361, 364, 397, 405, 425, 428, 433, 436]
[31, 55, 94, 110, 118, 155, 157, 179, 203, 218, 220, 227, 233, 236, 242, 244, 271, 295, 302, 309, 331, 355, 361, 362, 397, 405, 425, 428, 433, 436]
[31, 55, 62, 122, 124, 155, 157, 179, 203, 218, 220, 227, 233, 236, 242, 244, 271, 295, 302, 309, 331, 355, 361, 362, 397, 405, 425, 428, 433, 436]
[31, 55, 62, 91, 115, 157, 186, 188, 217, 218, 233, 234, 241, 242, 271, 295, 302, 309, 331, 355, 361, 362, 397, 405, 425, 428, 433, 436]
[31, 55, 62, 91, 103, 110, 115, 157, 186, 188, 217, 218, 233, 234, 241, 242, 271, 309, 327, 331, 334, 357, 361, 364, 397, 405, 425, 428, 433, 436]
[31, 94, 109, 110, 118, 155, 157, 203, 205, 218, 220, 227, 229, 242, 244, 271, 279, 301, 302, 310, 331, 355, 361, 362, 403, 405, 419, 421, 434, 436]
[31, 62, 109, 122, 124, 155, 157, 203, 205, 218, 220, 227, 229, 242, 244, 271, 279, 301, 302, 310, 331, 355, 361, 362, 403, 405, 419, 421, 434, 436]
[31, 62, 79, 115, 155, 157, 179, 186, 188, 203, 205, 227, 229, 234, 236, 279, 302, 310, 327, 334, 339, 357, 362, 364, 369, 370, 405, 421, 433, 436]
[31, 62, 122, 124, 155, 157, 203, 218, 220, 227, 233, 236, 242, 244, 271, 279, 302, 310, 331, 355, 361, 362, 397, 403, 405, 419, 425, 428, 434, 436]
[31, 62, 79, 91, 157, 186, 188, 205, 217, 218, 229, 234, 236, 241, 242, 279, 302, 310, 327, 334, 339, 357, 362, 364, 369, 370, 405, 421, 433, 436]
[31, 94, 109, 115, 155, 157, 179, 203, 205, 218, 220, 227, 229, 242, 244, 271, 279, 301, 331, 334, 339, 342, 361, 364, 369, 372, 405, 421, 433, 436]
[31, 94, 155, 157, 203, 218, 220, 227, 233, 236, 242, 244, 271, 279, 331, 334, 342, 355, 361, 364, 370, 372, 397, 403, 405, 419, 425, 428, 434, 436]
[31, 62, 115, 155, 157, 179, 181, 186, 188, 203, 227, 229, 234, 236, 271, 279, 302, 309, 310, 331, 339, 357, 362, 364, 369, 370, 397, 453, 457, 460]
[31, 62, 91, 157, 181, 186, 188, 217, 218, 229, 234, 236, 241, 242, 271, 279, 302, 309, 310, 331, 339, 357, 362, 364, 369, 370, 397, 453, 457, 460]
[31, 94, 109, 110, 118, 155, 157, 181, 203, 205, 218, 220, 227, 229, 242, 244, 271, 279, 301, 302, 309, 310, 331, 355, 361, 362, 403, 419, 433, 434]
[31, 62, 109, 122, 124, 155, 157, 181, 203, 205, 218, 220, 227, 229, 242, 244, 271, 279, 301, 302, 309, 310, 331, 355, 361, 362, 403, 419, 433, 434]
[31, 62, 79, 122, 124, 155, 157, 181, 203, 205, 218, 220, 229, 241, 244, 279, 302, 309, 310, 327, 334, 357, 362, 364, 369, 370, 403, 451, 465, 466]
[31, 62, 79, 91, 157, 181, 186, 188, 205, 217, 218, 229, 234, 236, 241, 242, 279, 302, 309, 310, 327, 334, 339, 357, 362, 364, 369, 370]
[31, 55, 62, 79, 103, 109, 110, 115, 155, 157, 181, 186, 188, 203, 301, 339, 361, 362, 369, 370, 397, 403, 421, 426, 428, 433, 434, 451, 457, 458]
[31, 55, 62, 79, 103, 110, 115, 155, 157, 181, 186, 188, 205, 331, 339, 357, 362, 364, 369, 370, 395, 403, 421, 426, 428, 433, 434, 453, 457, 460]
[31, 55, 62, 91, 122, 124, 157, 179, 181, 217, 220, 234, 236, 242, 244, 271, 295, 302, 331, 339, 397, 403, 419, 421, 426, 428, 457, 458, 465, 466]
[31, 55, 61, 91, 94, 110, 118, 179, 185, 188, 217, 220, 234, 236, 242, 244, 271, 295, 301, 302, 331, 339, 403, 419, 425, 426, 457, 458, 465, 466]
[31, 55, 61, 91, 94, 110, 115, 118, 185, 188, 217, 220, 227, 234, 236, 241, 244, 271, 295, 301, 302, 331, 419, 425, 426, 451, 457, 458]
[31, 55, 62, 79, 91, 115, 157, 181, 186, 188, 205, 217, 218, 295, 302, 327, 334, 355, 369, 370, 421, 426, 428, 433, 434, 453, 458, 460, 465, 466]
[31, 55, 94, 103, 118, 155, 157, 179, 218, 220, 234, 236, 242, 244, 271, 309, 327, 334, 355, 357, 362, 364, 395, 397, 405, 419, 426, 428, 433, 436]
[31, 55, 62, 79, 103, 109, 110, 115, 155, 157, 186, 188, 203, 301, 309, 339, 361, 362, 369, 370, 397, 403, 405, 426, 428, 434, 436, 451, 457, 458]
[31, 55, 62, 79, 103, 109, 110, 155, 157, 179, 186, 188, 203, 301, 309, 355, 361, 362, 397, 405, 419, 426, 428, 433, 436, 451, 457, 458]
[31, 91, 94, 110, 118, 157, 181, 217, 220, 234, 236, 242, 244, 271, 279, 302, 309, 310, 331, 339, 397, 421, 426, 428, 433, 434, 457, 458, 465, 466]
[31, 62, 91, 122, 124, 157, 181, 203, 217, 220, 234, 236, 242, 244, 271, 279, 302, 309, 310, 339, 395, 397, 421, 426, 428, 433, 434, 451, 465, 466]
[31, 47, 55, 62, 109, 122, 124, 155, 157, 171, 179, 205, 218, 220, 233, 234, 242, 244, 309, 357, 405, 433, 436, 453, 481, 484]
[31, 61, 94, 109, 118, 122, 124, 143, 155, 185, 186, 205, 206, 230, 233, 234, 279, 309, 310, 357, 391, 403, 422, 433, 434, 453, 481, 484]
[31, 61, 62, 109, 121, 122, 143, 155, 174, 181, 205, 217, 218, 229, 234, 236, 241, 242, 279, 310, 391, 403, 405, 422, 434, 436]
[31, 79, 91, 94, 103, 118, 157, 167, 205, 217, 220, 229, 241, 244, 279, 310, 339, 355, 369, 370, 391, 405, 419, 422, 433, 436]
[31, 47, 62, 91, 107, 109, 115, 122, 124, 157, 179, 205, 217, 220, 241, 244, 279, 295, 310, 357, 403, 405, 419, 434, 436, 453, 481, 484]
[31, 61, 62, 79, 91, 109, 174, 185, 186, 206, 217, 218, 233, 236, 279, 309, 310, 327, 339, 357, 422, 433, 434, 454, 465, 466, 481, 484]
[31, 47, 55, 62, 91, 115, 157, 171, 186, 188, 203, 217, 218, 227, 301, 309, 369, 370, 397, 405, 425, 428, 434, 436, 465, 466, 481, 482]
[31, 55, 62, 91, 103, 115, 157, 174, 186, 188, 206, 217, 218, 230, 242, 244, 271, 309, 327, 331, 334, 357, 369, 372, 397, 405, 457, 460, 465, 468]
[31, 55, 62, 91, 103, 115, 143, 157, 174, 186, 188, 217, 218, 230, 242, 244, 309, 327, 331, 357, 369, 372, 391, 395, 405, 454, 457, 458, 465, 468]
[31, 55, 91, 94, 103, 115, 118, 121, 124, 143, 157, 185, 188, 206, 309, 327, 331, 357, 361, 364, 391, 395, 405, 425, 428, 433, 436, 454, 458, 460]
[31, 55, 62, 91, 103, 115, 157, 174, 186, 188, 206, 217, 218, 230, 241, 242, 271, 309, 327, 331, 334, 357, 397, 405, 433, 436, 457, 460, 481, 484]
[31, 55, 91, 94, 110, 115, 118, 157, 217, 220, 241, 244, 271, 295, 302, 309, 331, 355, 362, 364, 397, 405, 433, 436, 457, 460, 481, 484]
[31, 55, 61, 91, 94, 115, 118, 121, 124, 167, 173, 230, 271, 331, 334, 355, 361, 364, 391, 397, 419, 425, 428, 454, 482, 484]
[31, 55, 94, 103, 118, 155, 157, 179, 218, 220, 242, 244, 271, 309, 327, 334, 355, 357, 395, 397, 405, 419, 433, 436, 458, 460, 482, 484]
[31, 55, 62, 103, 110, 122, 124, 155, 157, 179, 218, 220, 242, 244, 271, 309, 327, 334, 355, 357, 395, 397, 405, 419, 433, 436, 458, 460, 482, 484]
[31, 55, 62, 103, 155, 157, 174, 179, 186, 188, 206, 230, 271, 309, 327, 334, 355, 357, 395, 397, 405, 419, 433, 436, 458, 460, 482, 484]
[31, 55, 79, 94, 103, 109, 118, 155, 157, 179, 218, 220, 242, 244, 301, 309, 331, 355, 361, 364, 395, 397, 405, 419, 433, 436, 458, 460, 482, 484]
[31, 55, 62, 103, 110, 122, 124, 143, 155, 157, 179, 206, 218, 220, 242, 244, 309, 327, 355, 357, 391, 405, 419, 433, 436, 454, 482, 484]
[31, 55, 62, 79, 103, 110, 122, 124, 155, 157, 179, 205, 218, 220, 242, 244, 309, 331, 355, 357, 395, 405, 419, 433, 436, 453, 457, 458, 482, 484]
[31, 55, 62, 91, 110, 115, 122, 124, 143, 157, 167, 181, 206, 217, 220, 230, 331, 355, 369, 372, 395, 419, 433, 436, 457, 458, 465, 468, 482, 484]
[31, 55, 62, 122, 124, 155, 157, 179, 181, 218, 220, 229, 242, 244, 271, 295, 302, 357, 362, 364, 395, 397, 419, 453, 458, 460, 481, 482]
[31, 55, 94, 110, 118, 155, 157, 179, 218, 220, 241, 242, 271, 295, 302, 309, 362, 364, 369, 372, 395, 397, 405, 419, 458, 460, 465, 468, 481, 482]
[31, 55, 62, 91, 110, 115, 121, 122, 157, 167, 181, 185, 188, 230, 271, 331, 334, 355, 361, 364, 391, 397, 419, 425, 428, 454, 482, 484]
[31, 55, 62, 91, 110, 115, 122, 124, 143, 157, 206, 217, 220, 230, 295, 309, 331, 355, 369, 372, 391, 395, 405, 422, 457, 458, 465, 468, 482, 484]
[31, 55, 62, 91, 103, 115, 121, 122, 157, 181, 185, 188, 229, 230, 271, 302, 327, 331, 361, 362, 397, 422, 425, 428, 453, 454, 481, 482]
[31, 55, 62, 79, 91, 103, 115, 121, 122, 157, 174, 185, 188, 205, 206, 230, 309, 357, 361, 362, 405, 425, 426, 433, 436, 453, 457, 458, 482, 484]
[31, 55, 62, 79, 91, 103, 109, 110, 115, 157, 186, 188, 217, 218, 241, 242, 301, 309, 361, 362, 397, 405, 426, 428, 433, 436, 457, 458, 481, 482]
[31, 55, 62, 79, 91, 115, 157, 186, 188, 205, 217, 218, 241, 242, 295, 302, 309, 327, 334, 355, 405, 426, 428, 433, 436, 453, 458, 460, 481, 482]
[31, 55, 62, 79, 91, 103, 110, 115, 157, 186, 188, 205, 217, 218, 241, 242, 309, 357, 362, 364, 405, 426, 428, 433, 436, 453, 458, 460, 481, 482]
[31, 94, 109, 110, 118, 155, 157, 205, 218, 220, 242, 244, 271, 279, 301, 302, 310, 357, 361, 362, 395, 403, 405, 434, 436, 453, 457, 458, 482, 484]
[31, 94, 109, 110, 118, 155, 157, 181, 205, 218, 220, 229, 242, 244, 271, 279, 301, 302, 309, 310, 361, 362, 395, 403, 433, 434, 457, 458, 481, 482]
[31, 55, 62, 110, 122, 124, 143, 155, 157, 179, 206, 218, 220, 230, 241, 242, 295, 309, 369, 372, 391, 405, 419, 422, 465, 468, 481, 484]
[31, 55, 91, 94, 110, 115, 118, 121, 124, 157, 167, 181, 185, 188, 271, 302, 331, 355, 361, 362, 391, 397, 419, 422, 425, 428]
[31, 55, 62, 79, 91, 115, 121, 122, 157, 167, 181, 185, 188, 205, 302, 327, 334, 355, 361, 362, 391, 419, 422, 425, 428, 453, 457, 460]
[31, 55, 94, 103, 118, 122, 124, 143, 155, 157, 179, 186, 188, 206, 309, 327, 355, 357, 362, 364, 391, 405, 419, 426, 428, 433, 436, 454, 458, 460]
[31, 55, 94, 118, 155, 157, 174, 179, 206, 218, 220, 230, 241, 242, 271, 295, 302, 309, 369, 372, 395, 397, 405, 419, 426, 428, 465, 468, 481, 484]
[31, 61, 91, 94, 110, 115, 118, 121, 124, 173, 179, 181, 271, 279, 302, 310, 331, 355, 361, 362, 397, 403, 405, 419, 425, 428, 434, 436]
[31, 55, 62, 115, 122, 124, 143, 155, 157, 181, 206, 218, 220, 229, 241, 244, 295, 302, 334, 339, 355, 357, 362, 364, 391, 403, 453, 454, 465, 466]
[31, 55, 62, 110, 115, 122, 124, 143, 155, 157, 167, 181, 206, 218, 220, 230, 339, 355, 369, 372, 403, 419, 433, 436, 466, 468, 482, 484]
[31, 55, 62, 110, 115, 122, 124, 143, 155, 157, 206, 218, 220, 230, 295, 309, 339, 355, 369, 372, 391, 403, 405, 422, 466, 468, 482, 484]
[31, 55, 61, 91, 94, 110, 118, 121, 124, 167, 173, 179, 241, 242, 271, 302, 331, 339, 361, 362, 391, 397, 403, 422, 425, 428, 465, 466, 481, 482]
[31, 62, 110, 118, 155, 157, 173, 186, 188, 229, 242, 244, 271, 279, 301, 334, 342, 357, 362, 364, 395, 403, 405, 425, 426, 453, 466, 468, 481, 482]
[31, 61, 62, 110, 118, 155, 181, 185, 186, 229, 242, 244, 271, 279, 301, 334, 342, 357, 362, 364, 395, 403, 405, 425, 426, 453, 466, 468, 481, 482]
[31, 61, 62, 110, 118, 155, 173, 181, 185, 186, 242, 244, 271, 279, 334, 342, 362, 364, 395, 397, 403, 405, 426, 428, 466, 468, 482, 484]
[31, 55, 62, 110, 122, 124, 143, 155, 157, 167, 179, 206, 218, 220, 229, 230, 309, 357, 370, 372, 405, 433, 434, 453, 466, 468, 481, 482]
[31, 55, 62, 103, 110, 122, 124, 143, 155, 157, 179, 206, 218, 220, 309, 327, 355, 357, 370, 372, 391, 405, 419, 433, 434, 454, 466, 468]
[31, 55, 61, 91, 94, 109, 118, 121, 124, 167, 179, 205, 229, 230, 271, 331, 334, 339, 369, 370, 391, 397, 403, 433, 434, 454, 457, 460, 481, 482]
[31, 47, 55, 62, 122, 124, 155, 157, 171, 179, 181, 218, 220, 229, 233, 234, 242, 244, 301, 357, 361, 364, 397, 453, 457, 460]
[31, 55, 62, 79, 91, 103, 115, 121, 122, 157, 174, 185, 188, 205, 206, 229, 230, 233, 234, 309, 405, 421, 433, 436]
[31, 55, 79, 94, 103, 107, 118, 122, 124, 155, 157, 171, 179, 186, 188, 205, 229, 233, 236, 309, 405, 421, 433, 436]
[31, 55, 91, 94, 107, 115, 118, 121, 124, 143, 157, 167, 171, 185, 188, 206, 230, 234, 236, 309, 405, 421, 433, 436]
[31, 55, 62, 91, 107, 115, 122, 124, 143, 157, 167, 171, 174, 217, 220, 233, 236, 241, 244, 309, 405, 421, 433, 436]
[31, 55, 61, 62, 91, 103, 115, 121, 122, 143, 174, 230, 234, 236, 301, 327, 331, 357, 361, 364, 391, 395, 397, 454, 458, 460]
[31, 55, 62, 91, 103, 115, 121, 122, 157, 174, 181, 185, 188, 206, 229, 230, 233, 234, 271, 327, 331, 334, 397, 453, 457, 460]
[31, 55, 61, 62, 91, 103, 115, 174, 185, 186, 206, 217, 218, 229, 230, 241, 242, 271, 301, 327, 331, 334, 421, 425, 428, 453, 457, 460]
[31, 55, 61, 62, 103, 115, 121, 122, 143, 155, 174, 217, 218, 230, 234, 236, 301, 327, 339, 357, 361, 364, 391, 397, 403, 454, 457, 460, 465, 466]
[31, 55, 61, 62, 103, 115, 143, 155, 174, 185, 186, 230, 233, 236, 241, 242, 301, 327, 339, 357, 361, 364, 391, 397, 403, 454, 457, 460, 465, 466]
[31, 55, 61, 62, 91, 121, 122, 167, 174, 179, 206, 233, 234, 241, 242, 271, 301, 331, 334, 339, 391, 403, 421, 425, 428, 454, 457, 460, 465, 466]
[31, 55, 61, 62, 103, 115, 155, 174, 185, 186, 206, 229, 230, 241, 242, 271, 301, 327, 334, 339, 395, 403, 421, 425, 428, 453, 458, 460, 465, 466]
[31, 59, 61, 62, 109, 117, 143, 151, 171, 174, 205, 213, 214, 230, 233, 236, 307, 310, 342, 358, 369, 372, 403, 419, 465, 466, 481, 482]
[31, 59, 61, 79, 87, 94, 107, 109, 122, 188, 213, 220, 229, 236, 242, 248, 307, 309, 339, 355, 405, 421, 434, 436, 465, 466, 481, 482]
[31, 47, 59, 61, 94, 115, 122, 181, 188, 220, 234, 241, 248, 279, 295, 302, 334, 339, 342, 355, 405, 421, 426, 428, 458, 460, 465, 468, 481, 482]
[31, 61, 87, 94, 103, 115, 174, 181, 188, 206, 213, 220, 229, 230, 241, 242, 271, 283, 295, 301, 302, 307, 313, 346, 426, 434, 440, 458, 466, 472]
[31, 59, 61, 79, 87, 94, 107, 109, 188, 213, 220, 229, 234, 236, 307, 309, 314, 339, 346, 355, 405, 421, 426, 436, 440, 458, 465, 472, 481, 482]
[31, 47, 59, 61, 94, 115, 122, 151, 167, 174, 188, 206, 214, 220, 309, 339, 355, 362, 369, 376, 403, 405, 419, 421, 426, 436, 440, 458, 466, 472]
[31, 47, 61, 62, 87, 103, 107, 182, 213, 214, 229, 230, 283, 309, 313, 314, 331, 339, 361, 362, 405, 421, 434, 436, 465, 466, 481, 482]
[31, 59, 61, 62, 107, 109, 117, 143, 151, 174, 205, 213, 214, 230, 234, 236, 307, 310, 331, 342, 355, 358, 369, 372, 395, 403, 457, 458, 465, 466]
[31, 61, 62, 109, 117, 143, 151, 174, 205, 213, 214, 230, 234, 236, 283, 310, 313, 314, 342, 358, 361, 362, 369, 372, 395, 403, 457, 458, 465, 466]
[31, 62, 79, 87, 115, 117, 118, 157, 174, 181, 185, 188, 205, 206, 229, 230, 283, 307, 313, 314, 331, 355, 425, 426, 457, 458, 481, 482]
[31, 47, 62, 91, 122, 124, 157, 203, 211, 217, 220, 234, 236, 242, 244, 279, 295, 299, 301, 310, 395, 397, 403, 405, 426, 428, 434, 436]
[31, 47, 62, 91, 122, 124, 157, 203, 217, 220, 234, 236, 242, 244, 279, 295, 299, 301, 310, 339, 395, 397, 405, 426, 428, 434, 436, 451, 465, 466]
[31, 62, 91, 107, 109, 122, 124, 157, 205, 217, 220, 227, 229, 242, 244, 271, 279, 299, 301, 302, 310, 339, 405, 419, 421, 434, 436, 451, 465, 466]
[31, 47, 61, 91, 94, 124, 203, 211, 217, 236, 244, 248, 279, 295, 299, 302, 309, 313, 334, 342, 395, 403, 409, 428, 436, 440, 458, 460, 466, 468]
[31, 62, 91, 107, 109, 122, 124, 157, 205, 217, 220, 229, 241, 244, 271, 279, 299, 301, 302, 310, 339, 355, 369, 370, 405, 421, 433, 436]
[31, 55, 61, 79, 91, 94, 124, 205, 211, 217, 295, 301, 307, 310, 313, 327, 342, 364, 372, 376, 397, 403, 409, 451, 453, 460, 466, 472]
[31, 55, 61, 91, 94, 124, 143, 199, 203, 206, 217, 295, 301, 307, 310, 313, 327, 339, 342, 364, 372, 376, 397, 409, 453, 460, 465, 472]
[31, 55, 61, 79, 91, 94, 124, 205, 211, 217, 248, 295, 301, 307, 310, 313, 327, 342, 364, 372, 397, 403, 409, 440, 451, 453, 460, 466, 488, 496]
