[7, 22, 28, 37, 44, 67, 73, 82, 88, 137, 161, 168]
[7, 22, 37, 52, 73, 88, 97, 112, 131, 137, 146, 152]
[7, 13, 22, 26, 28, 67, 74, 97, 104, 137, 161, 168]
[7, 13, 14, 26, 67, 82, 88, 97, 104, 137, 161, 168]
[7, 22, 26, 37, 52, 56, 67, 73, 74, 137, 161, 168]
[7, 22, 37, 52, 56, 67, 73, 82, 88, 137, 161, 168]
[7, 11, 22, 37, 52, 56, 74, 82, 88, 137, 161, 168]
[7, 11, 22, 28, 37, 44, 74, 82, 88, 137, 161, 168]
[7, 13, 14, 25, 49, 67, 82, 97, 112, 138, 146, 152]
[7, 22, 26, 37, 52, 88, 97, 112, 131, 138, 193, 200]
[7, 14, 35, 41, 50, 69, 73, 76, 138, 146, 168, 176]
[7, 11, 13, 22, 50, 52, 76, 100, 104, 138, 162, 168]
[7, 11, 21, 38, 73, 81, 84, 100, 104, 138, 162, 168]