[31, 55, 61, 94, 103, 115, 118, 155, 185, 188, 218, 220, 229, 241, 244, 271, 301, 327, 334, 339, 395, 403, 421, 425, 428, 453, 458, 460, 465, 466]
[31, 55, 91, 94, 110, 115, 118, 157, 181, 203, 217, 220, 229, 241, 244, 271, 295, 302, 355, 357, 362, 364, 395, 397, 451, 453, 458, 460]
[31, 55, 61, 62, 103, 109, 110, 121, 122, 155, 179, 205, 217, 218, 271, 327, 334, 355, 369, 370, 395, 397, 419, 433, 434, 453, 458, 460, 465, 466]
[31, 55, 62, 122, 124, 155, 157, 179, 203, 218, 220, 227, 233, 236, 242, 244, 271, 295, 302, 309, 331, 355, 361, 362, 397, 405, 425, 428, 433, 436]
[31, 94, 109, 115, 155, 157, 179, 203, 205, 218, 220, 227, 229, 242, 244, 271, 279, 301, 331, 334, 339, 342, 361, 364, 369, 372, 405, 421, 433, 436]
[31, 55, 62, 79, 91, 103, 115, 121, 122, 157, 174, 185, 188, 205, 206, 230, 309, 357, 361, 362, 405, 425, 426, 433, 436, 453, 457, 458, 482, 484]
[31, 55, 62, 115, 122, 124, 143, 155, 157, 181, 206, 218, 220, 229, 241, 244, 295, 302, 334, 339, 355, 357, 362, 364, 391, 403, 453, 454, 465, 466]
[31, 55, 61, 62, 103, 115, 155, 174, 185, 186, 206, 229, 230, 241, 242, 271, 301, 327, 334, 339, 395, 403, 421, 425, 428, 453, 458, 460, 465, 466]
[31, 59, 61, 62, 107, 109, 117, 143, 151, 174, 205, 213, 214, 230, 234, 236, 307, 310, 331, 342, 355, 358, 369, 372, 395, 403, 457, 458, 465, 466]
[31, 62, 91, 107, 109, 122, 124, 157, 205, 217, 220, 227, 229, 242, 244, 271, 279, 299, 301, 302, 310, 339, 405, 419, 421, 434, 436, 451, 465, 466]
