[15, 23, 30, 58, 60, 75, 77, 83, 106, 108, 113, 114, 149, 177, 180, 197, 225, 228]
[15, 23, 30, 43, 51, 77, 90, 92, 105, 106, 114, 116, 149, 177, 180, 197, 225, 228]
[15, 23, 30, 75, 77, 83, 90, 92, 113, 116, 149, 177, 180, 197, 225, 228]
[15, 46, 54, 58, 60, 75, 77, 85, 90, 92, 135, 149, 150, 195, 209, 210]
[15, 29, 46, 54, 57, 60, 75, 105, 106, 113, 114, 135, 149, 150, 195, 209, 210]
[15, 30, 58, 60, 75, 77, 85, 106, 108, 114, 116, 135, 149, 150, 195, 209, 210]
[15, 23, 30, 51, 58, 60, 75, 77, 106, 108, 149, 163, 177, 180, 195, 197, 226, 228]
[15, 43, 46, 54, 77, 85, 105, 108, 114, 116, 135, 149, 150, 163, 209, 210, 225, 226]
[15, 29, 43, 46, 54, 89, 92, 105, 108, 114, 116, 135, 149, 150, 163, 209, 210, 225, 226]
[15, 23, 29, 43, 46, 54, 83, 89, 92, 105, 108, 114, 116, 163, 195, 225, 226]
[15, 30, 43, 58, 60, 77, 85, 105, 108, 114, 116, 135, 149, 150, 163, 209, 210, 225, 226]
[15, 23, 29, 46, 57, 60, 75, 83, 105, 106, 150, 166, 177, 180, 209, 210, 225, 226]
[15, 23, 43, 46, 51, 57, 60, 77, 85, 89, 92, 150, 166, 178, 180]
[15, 29, 30, 53, 71, 89, 101, 102, 113, 139, 150, 154, 166, 180, 195, 201, 216, 226, 240]
[15, 27, 29, 39, 46, 85, 92, 101, 108, 113, 147, 154, 163, 170, 177, 216, 232, 240]
[15, 46, 53, 54, 77, 89, 101, 108, 113, 114, 135, 139, 149, 150, 153, 170, 210, 216, 226, 232]
[15, 30, 58, 77, 86, 89, 92, 102, 113, 114, 135, 139, 153, 166, 170, 177, 184, 197, 225, 228]
[15, 27, 29, 30, 39, 53, 83, 113, 116, 150, 163, 166, 195, 210, 212, 225, 228]
[15, 29, 30, 57, 58, 85, 86, 102, 105, 113, 114, 135, 139, 166, 170, 197, 201, 228, 232]
[15, 29, 46, 57, 60, 86, 102, 105, 113, 116, 135, 139, 149, 150, 170, 201, 209, 210, 226, 232]
