[15, 23, 30, 43, 51, 77, 90, 92, 105, 106, 113, 114, 149, 197, 209, 212]
[15, 23, 30, 43, 51, 58, 60, 77, 85, 105, 108, 177, 180, 209, 212, 225, 228]
[15, 23, 30, 58, 60, 75, 77, 83, 106, 108, 113, 114, 149, 177, 180, 197, 225, 228]
[15, 23, 30, 43, 51, 77, 90, 92, 105, 106, 114, 116, 149, 177, 180, 197, 225, 228]
[15, 23, 30, 75, 77, 83, 90, 92, 113, 116, 149, 177, 180, 197, 225, 228]
[15, 23, 46, 54, 58, 60, 75, 77, 83, 90, 92, 149, 197, 209, 212]
[15, 30, 43, 77, 85, 90, 92, 105, 106, 135, 149, 150, 163, 209, 210, 225, 226]
[15, 30, 43, 57, 58, 77, 89, 92, 113, 114, 135, 150, 163, 197, 210, 212, 225, 226]
[15, 23, 46, 51, 54, 75, 77, 85, 106, 108, 163, 177, 180, 195, 209, 212, 226, 228]
[15, 23, 30, 51, 58, 60, 75, 77, 85, 106, 108, 163, 177, 180, 195, 209, 212, 226, 228]
[15, 23, 30, 43, 58, 60, 77, 83, 85, 105, 108, 114, 116, 163, 195, 225, 226]
[15, 23, 30, 43, 51, 77, 90, 92, 105, 106, 149, 177, 178, 197, 210, 212, 225, 226]
[15, 30, 58, 60, 75, 77, 85, 106, 108, 113, 116, 135, 149, 150, 177, 178, 195, 225, 226]
[15, 29, 30, 53, 71, 89, 101, 102, 113, 139, 150, 154, 166, 180, 195, 201, 216, 226, 240]
[15, 27, 29, 39, 46, 85, 92, 101, 108, 113, 147, 154, 163, 170, 177, 216, 232, 240]
[15, 46, 53, 54, 77, 89, 101, 108, 113, 114, 135, 139, 149, 150, 153, 170, 210, 216, 226, 232]
[15, 27, 39, 46, 60, 77, 83, 89, 92, 101, 154, 163, 170, 180, 184, 195, 210, 212, 225, 228]
[15, 46, 77, 85, 86, 102, 108, 113, 114, 135, 139, 149, 150, 170, 177, 178, 201, 225, 232]
[15, 29, 43, 46, 60, 71, 85, 86, 99, 105, 150, 153, 166, 180, 184, 201, 209, 210, 226, 232]
[15, 23, 30, 43, 51, 53, 77, 90, 92, 101, 105, 106, 114, 180, 212, 228, 240]
