[15, 29, 30, 43, 51, 57, 58, 83, 135, 149, 150, 195, 209, 210]
[15, 29, 30, 57, 58, 75, 105, 106, 113, 114, 135, 149, 150, 195, 209, 210]
[15, 23, 43, 46, 51, 54, 77, 105, 108, 149, 177, 180, 197, 225, 228]
[15, 23, 46, 54, 75, 77, 83, 106, 108, 113, 114, 149, 177, 180, 197, 225, 228]
[15, 23, 30, 58, 60, 75, 77, 83, 106, 108, 113, 114, 149, 177, 180, 197, 225, 228]
[15, 23, 30, 43, 51, 77, 90, 92, 105, 106, 114, 116, 149, 177, 180, 197, 225, 228]
[15, 23, 30, 75, 77, 83, 90, 92, 113, 116, 149, 177, 180, 197, 225, 228]
[15, 29, 43, 46, 51, 54, 57, 60, 83, 135, 149, 150, 195, 209, 210]
[15, 46, 54, 58, 60, 75, 77, 85, 90, 92, 135, 149, 150, 195, 209, 210]
[15, 29, 46, 54, 58, 60, 75, 89, 90, 135, 149, 150, 195, 209, 210]
[15, 29, 46, 54, 57, 60, 75, 105, 106, 113, 114, 135, 149, 150, 195, 209, 210]
[15, 29, 46, 54, 57, 58, 75, 90, 92, 105, 108, 113, 116, 135, 149, 150, 195, 209, 210]
[15, 30, 58, 60, 75, 77, 85, 106, 108, 114, 116, 135, 149, 150, 195, 209, 210]
[15, 23, 29, 30, 51, 57, 58, 75, 105, 106, 163, 195, 225, 226]
[15, 29, 30, 51, 57, 58, 75, 83, 105, 106, 135, 149, 150, 163, 209, 210, 225, 226]
[15, 29, 30, 43, 89, 90, 105, 106, 135, 149, 150, 163, 209, 210, 225, 226]
[15, 23, 43, 46, 54, 77, 83, 105, 108, 113, 114, 149, 163, 177, 180, 195, 197, 226, 228]
[15, 23, 30, 51, 58, 60, 75, 77, 106, 108, 149, 163, 177, 180, 195, 197, 226, 228]
[15, 30, 51, 58, 60, 75, 77, 83, 106, 108, 135, 150, 163, 177, 180, 197, 209, 210, 226, 228]
[15, 30, 43, 57, 60, 77, 89, 90, 106, 108, 135, 150, 163, 177, 180, 197, 209, 210, 226, 228]
[15, 23, 30, 43, 58, 60, 77, 83, 105, 108, 113, 114, 149, 163, 177, 180, 195, 197, 226, 228]
[15, 23, 30, 43, 57, 58, 77, 83, 89, 92, 114, 116, 149, 163, 177, 180, 195, 197, 226, 228]
[15, 23, 30, 43, 77, 83, 90, 92, 105, 106, 113, 116, 149, 163, 177, 180, 195, 197, 226, 228]
[15, 29, 46, 51, 54, 57, 60, 75, 83, 105, 106, 135, 149, 150, 163, 209, 210, 225, 226]
[15, 43, 46, 54, 77, 85, 105, 108, 114, 116, 135, 149, 150, 163, 209, 210, 225, 226]
[15, 29, 43, 46, 54, 89, 92, 105, 108, 114, 116, 135, 149, 150, 163, 209, 210, 225, 226]
[15, 23, 43, 46, 54, 77, 83, 85, 105, 108, 114, 116, 163, 195, 225, 226]
[15, 23, 29, 43, 46, 54, 83, 89, 92, 105, 108, 114, 116, 163, 195, 225, 226]
[15, 30, 43, 58, 60, 77, 85, 105, 108, 114, 116, 135, 149, 150, 163, 209, 210, 225, 226]
[15, 23, 29, 46, 57, 60, 75, 83, 105, 106, 150, 166, 177, 180, 209, 210, 225, 226]
[15, 23, 29, 43, 46, 51, 89, 92, 105, 108, 114, 116, 150, 166, 177, 180, 209, 210, 225, 226]
[15, 23, 43, 46, 51, 57, 60, 77, 89, 92, 114, 116, 149, 150, 166, 197, 209, 210, 226, 228]
[15, 23, 29, 30, 57, 58, 75, 83, 105, 106, 177, 178, 209, 210, 225, 226]
[15, 29, 46, 54, 75, 85, 89, 92, 106, 108, 135, 150, 178, 180, 195, 197, 226, 228]
[15, 23, 43, 46, 51, 57, 60, 77, 85, 89, 92, 150, 166, 178, 180]
[15, 23, 29, 46, 57, 58, 75, 83, 90, 92, 105, 108, 113, 116, 150, 166, 178, 180]
[15, 23, 29, 30, 57, 58, 75, 83, 105, 106, 114, 116, 177, 180, 209, 212, 225, 228]
[15, 23, 27, 29, 30, 116, 180, 212, 228, 240]
[15, 30, 39, 51, 53, 54, 77, 83, 89, 92, 139, 149, 153, 154, 195, 197, 210, 212]
[15, 27, 30, 39, 53, 77, 83, 85, 92, 150, 153, 163, 166, 177, 180, 195, 201, 210, 216]
[15, 30, 39, 51, 53, 54, 77, 85, 89, 92, 139, 147, 153, 154]
[15, 29, 30, 39, 51, 85, 86, 89, 101, 102, 114, 139, 147, 154, 177, 201, 216, 225, 240]
[15, 27, 30, 39, 51, 53, 77, 85, 89, 92, 114, 150, 166, 180, 210, 226, 240]
[15, 29, 30, 53, 71, 89, 101, 102, 113, 139, 150, 154, 166, 180, 195, 201, 216, 226, 240]
[15, 30, 39, 51, 53, 77, 83, 85, 92, 114, 139, 150, 154, 166, 180, 195, 201, 216, 226, 240]
[15, 27, 30, 39, 53, 54, 77, 83, 89, 92, 114, 149, 163, 177, 195, 197, 212, 226, 240]
[15, 30, 53, 77, 86, 89, 92, 101, 102, 113, 135, 139, 149, 153, 154, 166, 180, 210, 226, 240]
[15, 27, 29, 39, 46, 85, 92, 101, 108, 113, 147, 154, 163, 170, 177, 216, 232, 240]
[15, 27, 30, 53, 77, 83, 86, 89, 92, 101, 102, 135, 149, 166, 177, 180, 195, 225, 226]
[15, 29, 30, 53, 71, 101, 102, 139, 150, 153, 154, 166, 177, 180, 195, 225, 226]
[15, 29, 30, 53, 86, 101, 102, 135, 139, 153, 154, 166, 177, 180, 197, 210, 212, 225, 226]
[15, 30, 53, 77, 86, 92, 101, 102, 135, 139, 149, 154, 166, 177, 180, 201, 210, 216, 225, 226]
[15, 27, 30, 39, 53, 54, 77, 89, 92, 113, 114, 147, 149, 163, 197, 210, 212, 225, 226]
[15, 46, 53, 54, 77, 89, 101, 108, 113, 114, 135, 139, 149, 150, 153, 170, 210, 216, 226, 232]
[15, 30, 58, 71, 77, 83, 89, 92, 102, 114, 139, 147, 150, 153, 166, 170, 184, 212, 228, 240]
[15, 29, 46, 58, 71, 85, 89, 92, 102, 108, 114, 139, 154, 184, 195, 201, 210, 232, 240]
[15, 27, 46, 58, 77, 85, 86, 89, 102, 108, 114, 135, 147, 149, 150, 184, 216, 232, 240]
[15, 30, 58, 77, 86, 89, 92, 102, 113, 114, 135, 139, 153, 166, 170, 177, 184, 197, 225, 228]
[15, 27, 29, 30, 39, 51, 53, 54, 120, 184, 216, 232, 240]
[15, 27, 29, 30, 39, 51, 86, 101, 102, 114, 120, 149, 177, 184, 197, 212, 216, 225, 232]
[15, 46, 54, 58, 60, 77, 85, 89, 92, 135, 139, 149, 150, 153, 154]
[15, 27, 29, 30, 39, 53, 83, 113, 116, 150, 163, 166, 195, 210, 212, 225, 228]
[15, 30, 43, 58, 71, 77, 92, 102, 105, 114, 120, 150, 163, 166, 195, 210, 212, 225, 228]
[15, 30, 43, 58, 77, 92, 105, 114, 120, 135, 150, 163, 197, 210, 212, 225, 226]
[15, 30, 43, 58, 77, 86, 92, 102, 105, 114, 120, 135, 163, 166, 197, 225, 228]
[15, 29, 46, 57, 60, 86, 102, 105, 114, 116, 135, 139, 149, 150, 170, 177, 178, 201, 225, 232]
[15, 29, 30, 57, 58, 85, 86, 102, 105, 113, 114, 135, 139, 166, 170, 197, 201, 228, 232]
[15, 29, 46, 57, 60, 86, 102, 105, 113, 116, 135, 139, 149, 150, 170, 201, 209, 210, 226, 232]
[15, 29, 30, 57, 71, 86, 99, 105, 114, 120, 139, 149, 154, 163, 177, 178, 197, 201, 212, 216]
[15, 23, 29, 46, 51, 54, 57, 60, 99, 105, 139, 170, 195, 201, 226, 232]
[15, 29, 30, 51, 54, 83, 89, 99, 135, 139, 149, 154, 166, 177, 180, 201, 210, 216, 225, 226]
[15, 27, 29, 30, 39, 51, 54, 85, 101, 105, 116, 120, 169, 177, 184, 201, 209, 216]
[15, 27, 29, 30, 39, 51, 54, 85, 101, 106, 116, 120, 170, 177, 184, 202, 209, 216, 225, 226]
[15, 27, 29, 30, 39, 51, 53, 54, 105, 106, 169, 170, 201, 202, 225, 226]
[15, 27, 46, 51, 57, 71, 99, 105, 114, 120, 141, 154, 166, 170, 172, 197, 198, 201, 210, 216]
[15, 27, 51, 71, 78, 89, 99, 105, 114, 120, 141, 154, 169, 177, 184, 197, 202, 204, 209, 210]
[15, 39, 45, 58, 75, 78, 99, 105, 114, 120, 154, 166, 170, 172, 198, 204, 210, 216]
[15, 27, 71, 78, 83, 89, 105, 106, 141, 154, 169, 170, 197, 204, 210, 216, 225, 226]
[15, 39, 45, 51, 57, 58, 75, 78, 83, 89, 154, 166, 170, 172, 198, 204, 210, 216]
[15, 27, 30, 45, 51, 54, 57, 71, 92, 99, 101, 106, 116, 120, 166, 170, 172, 198, 202, 204]
